0	
0	
0	
0	
0	
0	
0	
0	
0	
0	
0	
0	
0	
0	
0	
0	
0	
0	
0	
0	
0	
0	
0	
0	
0	
0	
0	
0	
0	
0	
0	
0	
0	
0	
0	
0	
0	
0	
0	
0	
0	
0	
0	
0	
0	
0	
0	
0	
0	
0	
0	
0	
0	
0	
0	
0	
0	
0	
0	
0	
0	
0	
0	
0	
0	
0	
0	
0	
0	
0	
0	
0	
0	
0	
0	
0	
0	
0	
0	
0	
0	
0	
0	
0	
3.39215e-05	
0.00134602	
-0.00251533	
0.000139868	
7.06883e-06	
-0.000488031	
-1.77901e-05	
8.77788e-06	
0.01	
0.00463563	
-0.000536817	
0.00610067	
8.33057e-05	
-5.4713e-08	
7.96864e-05	
-1.87923e-06	
-4.17557e-07	
0.000721488	
0.000610519	
0.000621185	
6.60795e-05	
-0.000384222	
8.0524e-05	
0.000945552	
2.55022e-05	
0.000241751	
8.38169e-05	
-6.09757e-06	
5.53869e-06	
-0.000106494	
0.000153022	
-0.000329385	
-0.000266508	
-0.000115767	
-0.00557024	
0.000649465	
7.50496e-06	
-9.3897e-05	
0.000561539	
-0.00109415	
-2.33253e-07	
-3.07185e-06	
7.09824e-06	
6.68311e-06	
-0.000141189	
-5.92276e-09	
-9.78207e-07	
5.39767e-05	
0.000285175	
0.000297886	
-0.000140589	
1.01034e-07	
-0.000390586	
-0.000301305	
-7.01259e-11	
0.000785682	
-9.95042e-05	
1.11786e-05	
-2.50531e-06	
0.000304445	
-0.0002819	
7.53158e-09	
3.68125e-05	
0.000290961	
0.000803628	
1.3848e-07	
-0.000724241	
-8.92639e-05	
-0.000261093	
0.00283395	
-5.09137e-05	
9.13636e-05	
-1.5548e-06	
0.000153133	
-9.76477e-05	
-0.000601767	
-0.000628026	
2.53929e-05	
-1.2179e-06	
-1.64459e-06	
0.000623974	
5.41037e-06	
1.68922e-06	
0.000873452	
-0.000113621	
7.37786e-05	
0.000127096	
-3.15924e-06	
2.18929e-06	
-0.000345824	
-0.000330146	
2.51737e-07	
8.22251e-05	
0.00377193	
-6.47289e-05	
1.43471e-06	
-1.2252e-07	
-0.00157632	
-1.84598e-05	
-0.00126152	
0.000129525	
-0.000152834	
2.18848e-07	
-3.52369e-05	
6.10239e-06	
-4.72169e-05	
2.56703e-05	
8.8208e-05	
0.00109486	
-1.5965e-06	
-0.0021339	
-0.000129162	
0.000542453	
-0.000268972	
0.000193661	
4.16603e-07	
0.000647187	
-0.00164551	
-1.68633e-06	
-0.000384564	
0.00536687	
0.000122643	
0.00057227	
-0.000258591	
-2.24587e-05	
-4.41456e-06	
0.000289231	
-4.6824e-06	
7.53519e-05	
-0.00188517	
-9.66923e-06	
-0.000121916	
-0.000856006	
2.86062e-05	
4.89337e-06	
8.19004e-09	
-0.000517711	
0.000312806	
9.37144e-06	
-5.83762e-06	
2.61734e-09	
-3.92478e-06	
-0.00117006	
-5.08676e-06	
-0.000125404	
-0.000204907	
-0.00033749	
-3.31495e-05	
-0.00175283	
0.000195648	
3.06969e-05	
-1.75322e-09	
-9.17464e-09	
-0.000110971	
0.000230704	
-5.15962e-07	
-7.96152e-05	
0.000538608	
-2.47831e-06	
-4.4601e-05	
-5.53202e-06	
-0.000133048	
-0.000306717	
0.0035175	
0.000990194	
6.34773e-06	
-0.000433574	
-0.000141478	
-1.20066e-06	
0.000108181	
-0.000481843	
-0.0014141	
-0.00317942	
0.000147964	
2.01499e-05	
-0.00046792	
-1.82727e-05	
1.01305e-05	
0.00997644	
0.00477543	
-0.00108785	
0.00612123	
-5.01114e-05	
-8.25123e-06	
0.00011655	
0.000242968	
-0.000305094	
0.00115873	
0.000673303	
0.000621117	
6.44558e-05	
-0.00038647	
7.44465e-05	
0.000945554	
2.55317e-05	
0.000364771	
0.000860836	
1.61174e-05	
3.52583e-06	
-5.31644e-05	
0.000154364	
-0.000567701	
-7.98535e-05	
-0.000109448	
-0.0055697	
0.000679317	
1.14033e-05	
-0.000276025	
0.000560605	
-0.00109483	
-3.30955e-05	
0.00103563	
-0.000139471	
-1.80326e-05	
-0.000219963	
-0.000353331	
-2.52867e-06	
4.94838e-05	
0.00106693	
0.000294516	
-0.000403629	
0.00089982	
2.01827e-05	
-0.000303947	
-0.000745672	
0.000766498	
-0.000100332	
1.57704e-05	
-6.39283e-06	
0.000323473	
-0.000268765	
-0.000426937	
-0.000149099	
0.000202128	
0.000775048	
-7.05146e-06	
-0.000724241	
-0.00615535	
-0.000281924	
0.00325252	
-0.000315802	
0.000269026	
7.82801e-06	
0.000153128	
-9.63222e-05	
-0.00143838	
-0.000628158	
0.000925935	
-1.0103e-06	
-1.62914e-06	
0.000537612	
5.40399e-06	
4.42667e-06	
0.00089037	
-0.000124929	
7.08934e-05	
0.0019358	
-0.00251684	
0.00242057	
-0.00033743	
-0.000111866	
-0.00100558	
3.73953e-05	
0.00376724	
-4.82443e-05	
-0.00101538	
2.2773e-05	
-0.00196569	
-1.83965e-05	
-0.00120093	
0.00013716	
0.000124101	
0.000222462	
-9.54225e-05	
9.80935e-06	
-0.000231028	
-0.000478318	
0.000260837	
0.00109486	
-1.63265e-06	
-0.00196883	
-8.32871e-05	
0.000551826	
0.000157535	
0.000369085	
3.42463e-06	
0.00057538	
-0.00170588	
0.000368035	
-0.00129845	
0.00536687	
-0.00149271	
0.000804207	
-0.000118945	
-2.24587e-05	
-4.49214e-06	
-0.00306495	
3.81576e-05	
-0.00222458	
-0.00460783	
-9.55777e-06	
-0.000308134	
-0.0008408	
9.6317e-05	
0.000142611	
-7.20476e-05	
-0.000497906	
0.000313028	
0.000132394	
2.77989e-05	
0.000157982	
-4.42602e-06	
-0.00117075	
0.000218282	
-0.0022156	
-0.000232945	
-0.000785157	
-4.53708e-05	
-0.00169326	
0.000318518	
-0.000197474	
-2.28152e-05	
5.52303e-07	
-0.000116397	
0.000236704	
1.34442e-05	
-0.000255136	
0.000537401	
-0.00211769	
0.000283315	
-5.98664e-05	
-0.000513808	
-0.000310291	
0.00288113	
0.000990192	
-3.21154e-05	
0.00182054	
0.000180551	
-0.00339848	
0.00012694	
-0.00107831	
-0.00141772	
-0.00317845	
0.000239202	
1.57072e-05	
0.000386854	
-4.255e-05	
1.77974e-05	
0.0100405	
0.00477556	
-0.000938637	
0.0061286	
-0.000155338	
-0.00129246	
0.00151771	
0.000194752	
-0.000304853	
0.00119772	
0.000673623	
0.0004595	
4.21264e-05	
-0.000386896	
0.000780443	
0.000806346	
0.000130969	
0.000371186	
0.000858045	
-0.000241589	
-1.48069e-06	
-5.33066e-05	
-0.000538025	
-0.000566152	
-0.000201197	
-0.000109631	
-0.0055614	
0.000517739	
6.1761e-06	
-0.000266662	
-0.000789764	
-0.00085218	
0.00307705	
0.00122836	
-0.000146343	
-8.47159e-07	
-0.000462621	
0.00109187	
0.000179146	
0.000156004	
0.000920287	
0.000301664	
-0.000441606	
0.000893228	
-2.0236e-05	
-0.000539473	
-0.000909452	
0.00076448	
-0.0011704	
6.47245e-05	
-6.74957e-06	
0.00039806	
-0.000264486	
-0.000400582	
-0.000861073	
-2.96503e-05	
0.000755557	
-6.76368e-06	
-0.000410398	
-0.00616067	
0.000156252	
0.00327597	
3.74366e-05	
0.000269473	
-5.40114e-05	
-0.00055637	
-9.55018e-05	
-0.00131869	
-0.000633624	
0.00089142	
-7.42681e-06	
-0.000289416	
0.00051146	
4.11546e-06	
4.44769e-06	
0.000890313	
-7.50665e-05	
7.11785e-05	
0.00323854	
-0.00251021	
0.00370291	
-0.000419952	
-8.00065e-05	
-0.00100942	
8.45687e-05	
0.00381296	
-0.00232805	
-0.0015254	
-0.000630265	
-0.00195152	
0.000675133	
-0.00120855	
0.000254143	
0.000159535	
-3.13583e-05	
-8.17188e-05	
-8.29602e-05	
0.000529756	
-0.000478325	
0.00121645	
0.0010781	
4.30603e-05	
-0.00196888	
-0.00188735	
0.000345077	
0.000207686	
0.000369049	
-0.000302147	
0.000521746	
-0.00170249	
0.000154334	
-0.0010962	
0.00530947	
-0.000201043	
0.00052939	
-0.000117221	
-0.00079043	
-8.71885e-05	
-0.00311052	
5.22654e-05	
-0.00204207	
-0.00460191	
-2.08898e-05	
-0.000189778	
-0.000729527	
9.66961e-05	
0.000183294	
-5.66964e-05	
-0.000707721	
0.000408667	
7.04457e-05	
-2.02706e-05	
0.000159192	
-1.07718e-05	
-0.00117125	
0.000264336	
-0.00196524	
-0.000234638	
-0.000777478	
-4.83242e-05	
-0.00169062	
0.000337108	
-0.000248702	
-1.82845e-05	
4.79524e-05	
-0.000116225	
0.00136638	
-3.57416e-05	
-0.000342523	
-0.000631987	
-0.00195297	
0.000425586	
-5.99777e-05	
-0.000355518	
-0.000308938	
0.0028865	
0.000990506	
-1.35309e-05	
0.00182077	
0.00490664	
-0.00374503	
-0.00126453	
-0.00140222	
-0.00170296	
-0.00319624	
0.000238158	
1.34295e-05	
0.000421474	
-2.96771e-05	
0.000110321	
0.0112677	
0.00517484	
-0.00139982	
0.00337172	
4.7855e-06	
-0.00264234	
0.00151777	
0.000194762	
0.00210613	
0.00119764	
0.000645127	
0.000462362	
4.53676e-05	
-0.000386821	
0.000731251	
0.000407523	
0.000137888	
-0.000157302	
0.000618047	
0.00027326	
-1.75233e-05	
-5.39096e-05	
-0.000379022	
-0.000572051	
3.684e-05	
-0.000118598	
-0.00533467	
0.000572137	
4.06667e-06	
-0.000408253	
-0.00103746	
-0.000856479	
0.00305869	
0.00121346	
6.13001e-05	
-6.60498e-06	
-0.000136149	
0.00105908	
0.000379912	
0.000124917	
0.000921489	
0.0005013	
-0.000457089	
0.000874855	
0.00173458	
-0.000351772	
-0.000927047	
0.000824122	
-0.00118059	
0.000141485	
0.000612671	
-0.000503441	
-2.68047e-05	
0.000275779	
-0.00086105	
0.00113249	
0.000756376	
-0.000419973	
-0.00271366	
-0.00616876	
0.000235537	
0.00328295	
5.28788e-05	
0.00022753	
-5.33597e-05	
-0.00151667	
-0.000191338	
-0.00143849	
-0.000602986	
0.000891419	
-0.000344153	
-0.000289416	
0.000439825	
-6.05577e-05	
0.00014528	
0.000890632	
-6.127e-05	
0.000221925	
0.00323981	
-0.00247373	
0.00377243	
-6.98696e-05	
-5.64899e-05	
-0.000394736	
8.45713e-05	
0.00381294	
-0.00125331	
-0.0015543	
-0.000630265	
-0.00178166	
0.000675867	
-0.000603347	
0.000495494	
0.000164945	
-0.00013401	
-4.2001e-05	
-0.000659785	
0.000532945	
-0.000363013	
0.00121856	
0.00122667	
0.00189278	
-0.00179675	
-0.0018832	
0.000402734	
0.000224496	
-0.000126901	
-0.000317905	
0.000922622	
-0.0017025	
0.000197451	
-0.00131873	
0.00530953	
-0.000153834	
-2.14201e-05	
-0.000108055	
-0.000791742	
-0.000268186	
-0.00311053	
-0.00143593	
-0.00414505	
-0.00495769	
-0.00023299	
-0.000542039	
-0.00185058	
0.000101922	
-0.000700904	
-5.64042e-05	
-0.000601314	
0.000408667	
7.06219e-05	
-3.20725e-05	
-0.000552142	
-1.07902e-05	
-0.000977669	
0.00141055	
-0.00198261	
-0.00117513	
-0.000776474	
-3.66985e-05	
-0.00169317	
6.13298e-06	
0.00156172	
-0.00288515	
1.90074e-05	
-0.000620027	
0.0013102	
-2.87334e-05	
-0.000341948	
-0.000710341	
-0.00185059	
0.000478203	
-7.6506e-07	
-0.000372346	
-5.73209e-05	
0.00294944	
0.00443653	
0.00024895	
0.00215871	
0.00490667	
-0.00421177	
-0.00127569	
-0.00149719	
-0.00174211	
-0.0031589	
0.00020049	
-0.00014309	
0.000406507	
-3.0586e-05	
0.000125289	
0.0110791	
0.00518182	
-0.00139972	
0.00387869	
2.67145e-06	
-0.00264287	
0.00116702	
-0.000385376	
0.00211266	
0.00119425	
0.000673024	
0.000307125	
0.00156249	
-0.000386422	
0.000981756	
0.000404973	
0.000136951	
-8.55925e-05	
0.000655509	
-3.35613e-05	
-0.000803302	
-0.000342701	
-0.000998343	
-0.000572005	
2.16606e-05	
-0.000129475	
-0.00588481	
0.000675531	
2.25827e-05	
-0.00040841	
-0.000805059	
-0.00100217	
0.00307425	
0.00122269	
7.05974e-05	
-9.12417e-05	
-0.000128529	
0.00102929	
0.000222693	
-0.000255291	
0.00116544	
0.000369183	
-0.000458217	
0.000489521	
0.00172885	
-0.00772001	
-0.00120732	
0.000190702	
-0.00140842	
0.000139368	
0.000605155	
0.00110087	
-6.75996e-05	
0.000272367	
-0.00170451	
0.00110875	
0.000233643	
-0.000419966	
-0.00257817	
-0.00615434	
0.000160482	
0.00233686	
0.00073209	
0.00210781	
-5.29779e-05	
-0.00172836	
0.000183684	
-0.00148392	
-0.000625617	
0.0010434	
-0.000924237	
-0.00192451	
0.000456073	
-4.65129e-05	
0.000145468	
0.000917373	
0.000215364	
0.000421383	
0.0031997	
-0.00235776	
0.00377356	
-9.8067e-05	
-0.000427333	
-0.000335636	
7.49207e-05	
0.00381296	
-0.00136212	
-0.00236781	
-0.000629163	
-0.00178171	
0.00105207	
-0.000490893	
0.000750527	
7.32876e-05	
-0.00031316	
-0.000488077	
-0.000632834	
0.00526792	
-0.000278958	
0.00111774	
0.00135447	
0.00157928	
-0.00242756	
-0.00180261	
0.0003	
0.000231382	
0.000480375	
-0.000303819	
0.00109797	
-0.00260618	
0.000260633	
0.000815612	
0.00534411	
-0.000952267	
-2.32496e-05	
-0.00013533	
-0.000779479	
-0.00025292	
-0.00309598	
-0.00144643	
-0.00419202	
-0.00500242	
-9.7281e-05	
-0.0019306	
-0.00185252	
0.000106235	
-0.000761608	
-3.26844e-05	
-0.000601393	
0.000228382	
7.15388e-05	
-3.6282e-05	
-0.000567169	
-8.9338e-05	
-0.000977618	
3.73961e-05	
-0.00199641	
-0.00121018	
-0.000941965	
2.39853e-05	
-0.00177957	
4.06189e-05	
0.00176452	
-0.00288599	
2.36861e-05	
-0.000562946	
0.00131008	
5.79798e-06	
-0.000781182	
-0.000411527	
-0.00206207	
-0.000856727	
0.000578413	
-0.0003724	
-3.75765e-05	
0.00293898	
0.00420453	
-0.00608416	
0.00221232	
0.00490153	
-0.00421345	
-0.00126113	
-0.00212121	
-0.00182681	
-0.0028293	
0.000247128	
-0.000602148	
-0.00192767	
-7.12682e-05	
0.000127428	
0.0112617	
0.005182	
-0.00170823	
0.00388495	
-0.000348961	
-0.00283654	
0.00110605	
-0.000790891	
0.00210832	
0.00103518	
0.000667936	
0.000285545	
0.00154747	
-0.000414285	
0.00139115	
0.000454584	
0.000136996	
-0.000774526	
-0.000282352	
-0.00168879	
0.00305553	
-0.000142053	
-0.000994639	
-0.00077381	
-0.000307117	
-9.36305e-05	
-0.00504816	
-0.000384137	
2.77535e-06	
-0.00040854	
-0.0025301	
-0.000872244	
0.00305869	
0.00274858	
5.7562e-05	
-7.62902e-05	
-0.000453932	
0.000976044	
-0.0001257	
-0.000242087	
0.00164695	
0.000323526	
-0.000440082	
0.00046152	
0.00172909	
-0.00734642	
-0.00120694	
-5.25595e-05	
-0.00154584	
0.000138298	
0.000603618	
0.000959227	
-6.63127e-05	
0.000715751	
-0.00170797	
0.00110688	
-0.002095	
-0.000521362	
-0.00316843	
