6.70163e-16	
1.52637e-12	
9.00811e-10	
3.60075e-08	
2.77312e-07	
-1.93778e-06	
4.47311e-06	
-5.98781e-06	
6.27786e-06	
-6.28652e-06	
6.32932e-06	
-6.36838e-06	
6.41048e-06	
-6.44951e-06	
6.49149e-06	
-6.53031e-06	
6.57197e-06	
-6.61035e-06	
6.65145e-06	
-6.68912e-06	
6.72935e-06	
-6.76598e-06	
6.80498e-06	
-6.84017e-06	
6.87748e-06	
-6.91072e-06	
6.94579e-06	
-6.97648e-06	
7.00864e-06	
-7.03602e-06	
7.06444e-06	
-7.08759e-06	
7.11124e-06	
-7.12902e-06	
7.14663e-06	
-7.15762e-06	
7.16761e-06	
-7.17005e-06	
7.17044e-06	
-7.16212e-06	
7.15044e-06	
-7.12858e-06	
7.10169e-06	
-7.06275e-06	
7.01667e-06	
-6.95615e-06	
6.88578e-06	
-6.79789e-06	
6.69663e-06	
-6.57383e-06	
6.43307e-06	
-6.26551e-06	
6.07391e-06	
-5.8485e-06	
5.59093e-06	
-5.29012e-06	
4.94615e-06	
-4.54603e-06	
4.08761e-06	
-3.55516e-06	
2.94318e-06	
-2.23189e-06	
1.41075e-06	
-4.53756e-07	
-6.57374e-07	
1.95842e-06	
-3.48007e-06	
5.27397e-06	
-7.39135e-06	
9.91068e-06	
-1.29187e-05	
1.65413e-05	
-2.093e-05	
2.62999e-05	
-3.29276e-05	
4.12079e-05	
-5.16808e-05	
6.51368e-05	
-8.2729e-05	
0.000106231	
-0.000138437	
0.000184001	
-0.000251085	
0.000355148	
-0.000528369	
0.000850121	
-0.0013319	
0.00710647	
-0.000208925	
-0.0466627	
0.0582111	
-0.00321475	
-0.0149388	
0.00163729	
-0.000719898	
0.00107645	
-0.000505778	
0.000506463	
-0.000347985	
0.000314255	
-0.000245638	
0.000222052	
-0.000183013	
0.000168382	
-0.000142785	
0.000133647	
-0.000115467	
0.000109599	
-9.60125e-05	
9.21333e-05	
-8.1608e-05	
7.89786e-05	
-7.05995e-05	
6.87805e-05	
-6.1964e-05	
6.06858e-05	
-5.5041e-05	
5.4133e-05	
-4.93883e-05	
4.87389e-05	
-4.46997e-05	
4.42346e-05	
-4.07578e-05	
4.04261e-05	
-3.74045e-05	
3.71706e-05	
-3.45221e-05	
3.43608e-05	
-3.20217e-05	
3.19147e-05	
-2.98349e-05	
2.97689e-05	
-2.79083e-05	
2.78734e-05	
-2.61998e-05	
2.61885e-05	
-2.46755e-05	
2.46823e-05	
-2.33082e-05	
2.33288e-05	
-2.20756e-05	
2.21067e-05	
-2.09594e-05	
2.09985e-05	
-1.99444e-05	
1.99894e-05	
-1.90177e-05	
1.90672e-05	
-1.81688e-05	
1.82215e-05	
-1.73884e-05	
1.74434e-05	
-1.66689e-05	
1.67253e-05	
-1.60035e-05	
1.60609e-05	
-1.53865e-05	
1.54443e-05	
-1.48131e-05	
1.48709e-05	
-1.42787e-05	
1.43364e-05	
-1.37798e-05	
1.38369e-05	
-1.33128e-05	
1.33694e-05	
-1.2875e-05	
1.29308e-05	
-1.24637e-05	
1.25186e-05	
-1.20767e-05	
1.21306e-05	
-1.17118e-05	
1.17648e-05	
-1.13674e-05	
1.14193e-05	
-1.10417e-05	
1.10925e-05	
-1.07333e-05	
1.0783e-05	
-1.04408e-05	
1.04895e-05	
-1.01632e-05	
1.02108e-05	
-9.89926e-06	
9.94578e-06	
-9.64809e-06	
9.69355e-06	
-9.4088e-06	
9.45322e-06	
-9.18057e-06	
9.22398e-06	
-8.9627e-06	
9.00511e-06	
-8.75451e-06	
8.79596e-06	
-8.55541e-06	
8.59593e-06	
-8.36486e-06	
8.40448e-06	
-8.18235e-06	
8.22112e-06	
-8.00744e-06	
8.0454e-06	
-7.83973e-06	
7.87692e-06	
-7.67886e-06	
7.71534e-06	
-7.5245e-06	
7.56033e-06	
-7.3764e-06	
7.41164e-06	
-7.23431e-06	
7.26905e-06	
-7.09807e-06	
7.1324e-06	
-6.96755e-06	
7.00159e-06	
-6.84269e-06	
6.87659e-06	
-6.72352e-06	
6.75746e-06	
-6.61016e-06	
6.64438e-06	
-6.50288e-06	
6.53769e-06	
-6.4021e-06	
6.43794e-06	
-6.30854e-06	
6.34597e-06	
-6.22323e-06	
6.26307e-06	
-6.14776e-06	
6.19118e-06	
-6.08454e-06	
6.13328e-06	
-6.03725e-06	
6.09393e-06	
-6.01163e-06	
6.08041e-06	
-6.017e-06	
6.1047e-06	
-6.06893e-06	
6.18736e-06	
-6.19494e-06	
6.36575e-06	
-6.44668e-06	
6.71275e-06	
-6.9294e-06	
7.38437e-06	
-7.88152e-06	
8.75808e-06	
-9.92538e-06	
1.19083e-05	
-1.48476e-05	
2.74806e-05	
9.61358e-05	
0.000746094	
-0.000292986	
-0.00300011	
-0.000265082	
0.00248996	
0.00145531	
0.000246442	
-0.000171184	
-0.000129412	
-7.69508e-05	
-7.34518e-06	
-2.70585e-06	
2.30318e-05	
9.44875e-06	
2.40871e-05	
8.63436e-06	
2.08147e-05	
6.30043e-06	
1.77082e-05	
4.27325e-06	
1.52602e-05	
2.69908e-06	
1.33671e-05	
1.49066e-06	
1.18874e-05	
5.56314e-07	
1.07129e-05	
-1.73352e-07	
9.76629e-06	
-7.48566e-07	
8.99271e-06	
-1.2058e-06	
8.35231e-06	
-1.57186e-06	
7.81586e-06	
-1.86672e-06	
7.3615e-06	
-2.10541e-06	
6.97274e-06	
-2.29939e-06	
6.63694e-06	
-2.45749e-06	
6.3443e-06	
-2.58655e-06	
6.08719e-06	
-2.69195e-06	
5.85956e-06	
-2.77793e-06	
5.6566e-06	
-2.84789e-06	
5.47443e-06	
-2.90454e-06	
5.30992e-06	
-2.95008e-06	
5.16051e-06	
-2.9863e-06	
5.02408e-06	
-3.01467e-06	
4.8989e-06	
-3.03641e-06	
4.78352e-06	
-3.0525e-06	
4.6767e-06	
-3.06379e-06	
4.57742e-06	
-3.07099e-06	
4.48481e-06	
-3.07467e-06	
4.39812e-06	
-3.07534e-06	
4.31672e-06	
-3.07341e-06	
4.24005e-06	
-3.06926e-06	
4.16764e-06	
-3.06319e-06	
4.09907e-06	
-3.05546e-06	
4.034e-06	
-3.04629e-06	
3.97209e-06	
-3.0359e-06	
3.91307e-06	
-3.02444e-06	
3.85671e-06	
-3.01207e-06	
3.80277e-06	
-2.99891e-06	
3.75107e-06	
-2.98508e-06	
3.70144e-06	
-2.97067e-06	
3.65372e-06	
-2.95577e-06	
3.60777e-06	
-2.94046e-06	
3.56347e-06	
-2.9248e-06	
3.52072e-06	
-2.90885e-06	
3.4794e-06	
-2.89265e-06	
3.43942e-06	
-2.87627e-06	
3.40071e-06	
-2.85973e-06	
3.36319e-06	
-2.84307e-06	
3.32679e-06	
-2.82633e-06	
3.29144e-06	
-2.80953e-06	
3.25708e-06	
-2.7927e-06	
3.22367e-06	
-2.77585e-06	
3.19116e-06	
-2.75901e-06	
3.15949e-06	
-2.74219e-06	
3.12864e-06	
-2.72542e-06	
3.09855e-06	
-2.7087e-06	
3.06919e-06	
-2.69205e-06	
3.04054e-06	
-2.67547e-06	
3.01256e-06	
-2.65899e-06	
2.98523e-06	
-2.64261e-06	
2.95851e-06	
-2.62633e-06	
2.93239e-06	
-2.61017e-06	
2.90685e-06	
-2.59414e-06	
2.88186e-06	
-2.57825e-06	
2.85742e-06	
-2.5625e-06	
2.83352e-06	
-2.54693e-06	
2.81015e-06	
-2.53153e-06	
2.7873e-06	
-2.51635e-06	
2.765e-06	
-2.50141e-06	
2.74328e-06	
-2.48678e-06	
2.72218e-06	
-2.47255e-06	
2.7018e-06	
-2.45885e-06	
2.68233e-06	
-2.44596e-06	
2.6641e-06	
-2.43434e-06	
2.64776e-06	
-2.42491e-06	
2.63461e-06	
-2.4196e-06	
2.62742e-06	
-2.4223e-06	
2.63828e-06	
-2.18533e-06	
7.07106e-06	
3.22626e-05	
0.000102741	
2.1532e-05	
-0.000286698	
-0.000415345	
-0.000117361	
0.000237815	
0.000381415	
0.000326833	
0.000226599	
0.000136393	
8.9791e-05	
5.82361e-05	
4.96184e-05	
3.77311e-05	
3.79028e-05	
2.97291e-05	
3.14138e-05	
2.40568e-05	
2.625e-05	
1.94031e-05	
2.20172e-05	
1.56323e-05	
1.86154e-05	
1.26261e-05	
1.59066e-05	
1.02385e-05	
1.37472e-05	
8.33517e-06	
1.20147e-05	
6.80663e-06	
1.06125e-05	
5.56856e-06	
9.46697e-06	
4.55695e-06	
8.52248e-06	
3.72329e-06	
7.73669e-06	
3.0307e-06	
7.07732e-06	
2.45094e-06	
6.51955e-06	
1.96217e-06	
6.0441e-06	
1.5474e-06	
5.63591e-06	
1.19325e-06	
5.28308e-06	
8.89146e-07	
4.97615e-06	
6.2664e-07	
4.70755e-06	
3.98936e-07	
4.47116e-06	
2.00526e-07	
4.26199e-06	
2.69195e-08	
4.07597e-06	
-1.25571e-07	
3.90975e-06	
-2.59991e-07	
3.76054e-06	
-3.78871e-07	
3.62603e-06	
-4.84328e-07	
3.50427e-06	
-5.78137e-07	
3.39363e-06	
-6.61798e-07	
3.29272e-06	
-7.36583e-07	
3.20036e-06	
-8.03575e-07	
3.11555e-06	
-8.63704e-07	
3.03743e-06	
-9.17766e-07	
2.96524e-06	
-9.6645e-07	
2.89834e-06	
-1.01035e-06	
2.83618e-06	
-1.04998e-06	
2.77826e-06	
-1.0858e-06	
2.72417e-06	
-1.11821e-06	
2.67352e-06	
-1.14754e-06	
2.62599e-06	
-1.1741e-06	
2.58129e-06	
-1.19817e-06	
2.53916e-06	
-1.21997e-06	
2.49938e-06	
-1.23973e-06	
2.46174e-06	
-1.25763e-06	
2.42605e-06	
-1.27384e-06	
2.39217e-06	
-1.28851e-06	
2.35994e-06	
-1.30178e-06	
2.32923e-06	
-1.31376e-06	
2.29993e-06	
-1.32456e-06	
2.27193e-06	
-1.33428e-06	
2.24513e-06	
-1.34302e-06	
2.21945e-06	
-1.35084e-06	
2.19481e-06	
-1.35783e-06	
2.17113e-06	
-1.36405e-06	
2.14836e-06	
-1.36956e-06	
2.12642e-06	
-1.37441e-06	
2.10528e-06	
-1.37865e-06	
2.08487e-06	
-1.38233e-06	
2.06516e-06	
-1.3855e-06	
2.04609e-06	
-1.38818e-06	
2.02764e-06	
-1.39042e-06	
2.00976e-06	
-1.39224e-06	
1.99242e-06	
-1.39368e-06	
1.9756e-06	
-1.39476e-06	
1.95926e-06	
-1.39551e-06	
1.94337e-06	
-1.39595e-06	
1.92792e-06	
-1.3961e-06	
1.91289e-06	
-1.39599e-06	
1.89824e-06	
-1.39562e-06	
1.88397e-06	
-1.39503e-06	
1.87005e-06	
-1.39422e-06	
1.85647e-06	
-1.39321e-06	
1.84321e-06	
-1.39201e-06	
1.83026e-06	
-1.39065e-06	
1.81761e-06	
-1.38912e-06	
1.80524e-06	
-1.38746e-06	
1.79316e-06	
-1.38568e-06	
1.78137e-06	
-1.3835e-06	
1.77906e-06	
-1.2209e-06	
3.28248e-06	
6.24076e-06	
2.07731e-05	
1.59327e-05	
-2.07496e-05	
-8.38962e-05	
-0.000104567	
-6.70742e-05	
1.42926e-05	
8.3039e-05	
0.000127227	
0.000134742	
0.000129325	
0.000110039	
9.60865e-05	
7.82714e-05	
6.94372e-05	
5.71042e-05	
5.28104e-05	
4.39209e-05	
4.21065e-05	
3.50393e-05	
3.45567e-05	
2.8534e-05	
2.88599e-05	
2.35228e-05	
2.44024e-05	
1.95614e-05	
2.08477e-05	
1.63843e-05	
1.79792e-05	
1.38104e-05	
1.56433e-05	
1.17078e-05	
1.37254e-05	
9.97663e-06	
1.21385e-05	
8.54084e-06	
1.08158e-05	
7.34156e-06	
9.7054e-06	
6.33301e-06	
8.76681e-06	
5.47937e-06	
7.96827e-06	
4.75239e-06	
7.28463e-06	
4.12967e-06	
6.69589e-06	
3.5933e-06	
6.186e-06	
3.12889e-06	
5.74203e-06	
2.7248e-06	
5.35349e-06	
2.37156e-06	
5.0118e-06	
2.0614e-06	
4.70994e-06	
1.78795e-06	
4.44209e-06	
1.54591e-06	
4.20344e-06	
1.33088e-06	
3.98996e-06	
1.1392e-06	
3.79827e-06	
9.67747e-07	
3.62555e-06	
8.13926e-07	
3.46937e-06	
6.75516e-07	
3.3277e-06	
5.50629e-07	
3.19878e-06	
4.3765e-07	
3.08112e-06	
3.35191e-07	
2.97344e-06	
2.42057e-07	
2.87462e-06	
1.57213e-07	
2.78369e-06	
7.97598e-08	
2.69982e-06	
8.91533e-09	
2.62227e-06	
-5.60047e-08	
2.55041e-06	
-1.156e-07	
2.48367e-06	
-1.70398e-07	
2.42155e-06	
-2.20863e-07	
2.36361e-06	
-2.67407e-07	
2.30948e-06	
-3.10395e-07	
2.2588e-06	
-3.5015e-07	
2.21127e-06	
-3.8696e-07	
2.16661e-06	
-4.21084e-07	
2.12459e-06	
-4.52753e-07	
2.08497e-06	
-4.82173e-07	
2.04757e-06	
-5.0953e-07	
2.01221e-06	
-5.34993e-07	
1.97873e-06	
-5.58711e-07	
1.94697e-06	
-5.80823e-07	
1.91682e-06	
-6.01452e-07	
1.88816e-06	
-6.2071e-07	
1.86087e-06	
-6.38699e-07	
1.83486e-06	
-6.55514e-07	
1.81003e-06	
-6.71238e-07	
1.78632e-06	
-6.85948e-07	
1.76363e-06	
-6.99717e-07	
1.74191e-06	
-7.12609e-07	
1.72109e-06	
-7.24684e-07	
1.70111e-06	
-7.35996e-07	
1.68193e-06	
-7.46595e-07	
1.66348e-06	
-7.56529e-07	
1.64573e-06	
-7.65839e-07	
1.62864e-06	
-7.74566e-07	
1.61216e-06	
-7.82746e-07	
1.59626e-06	
-7.90412e-07	
1.58091e-06	
-7.97597e-07	
1.56608e-06	
-8.04328e-07	
1.55173e-06	
-8.10634e-07	
1.53785e-06	
-8.16538e-07	
1.52441e-06	
-8.22065e-07	
1.51137e-06	
-8.27236e-07	
1.49874e-06	
-8.32072e-07	
1.48647e-06	
-8.3659e-07	
1.47456e-06	
-8.4081e-07	
1.463e-06	
-8.44407e-07	
1.4577e-06	
-7.84588e-07	
1.86032e-06	
8.5328e-07	
5.67937e-06	
5.07717e-06	
3.20359e-06	
-1.1863e-05	
-2.6061e-05	
-3.79176e-05	
-3.06209e-05	
-1.36936e-05	
1.50109e-05	
3.84452e-05	
6.03451e-05	
7.00369e-05	
7.73475e-05	
7.52073e-05	
7.44954e-05	
6.77611e-05	
6.4908e-05	
5.75855e-05	
5.49726e-05	
4.82994e-05	
4.64614e-05	
4.0586e-05	
3.94831e-05	
3.42877e-05	
3.37799e-05	
2.91273e-05	
2.90901e-05	
2.48707e-05	
2.52084e-05	
2.13382e-05	
2.19773e-05	
1.83917e-05	
1.92747e-05	
1.59222e-05	
1.70036e-05	
1.38433e-05	
1.50861e-05	
1.2085e-05	
1.34597e-05	
1.0591e-05	
1.20737e-05	
9.31578e-06	
1.08869e-05	
8.2222e-06	
9.86604e-06	
7.28012e-06	
8.98374e-06	
6.46492e-06	
8.21776e-06	
5.75642e-06	
7.54984e-06	
5.13805e-06	
6.96492e-06	
4.59613e-06	
6.45055e-06	
4.11934e-06	
5.99642e-06	
3.69824e-06	
5.59392e-06	
3.32499e-06	
5.23586e-06	
2.993e-06	
4.9162e-06	
2.69671e-06	
4.62984e-06	
2.43144e-06	
4.37246e-06	
2.19322e-06	
4.14041e-06	
1.97868e-06	
3.93057e-06	
1.78491e-06	
3.74025e-06	
1.60944e-06	
3.56716e-06	
1.45015e-06	
3.40932e-06	
1.30519e-06	
3.26501e-06	
1.17296e-06	
3.13276e-06	
1.05209e-06	
3.01127e-06	
9.41363e-07	
2.89941e-06	
8.39724e-07	
2.79619e-06	
7.46249e-07	
2.70075e-06	
6.60125e-07	
2.61232e-06	
5.80635e-07	
2.53022e-06	
5.07144e-07	
2.45386e-06	
4.3909e-07	
2.38272e-06	
3.75976e-07	
2.31631e-06	
3.17356e-07	
2.25423e-06	
2.62834e-07	
2.19609e-06	
2.12055e-07	
2.14156e-06	
1.64702e-07	
2.09033e-06	
1.20489e-07	
2.04214e-06	
7.91598e-08	
1.99675e-06	
4.0482e-08	
1.95392e-06	
4.24673e-09	
1.91347e-06	
-2.97355e-08	
1.87521e-06	
-6.16363e-08	
1.83898e-06	
-9.16115e-08	
1.80463e-06	
-1.19803e-07	
1.77203e-06	
-1.4634e-07	
1.74104e-06	
-1.71341e-07	
1.71157e-06	
-1.94912e-07	
1.68349e-06	
-2.17153e-07	
1.65673e-06	
-2.38155e-07	
1.63119e-06	
-2.58e-07	
1.6067e-06	
-2.76611e-07	
1.58105e-06	
-2.93636e-07	
1.55344e-06	
-3.09029e-07	
1.52393e-06	
-3.22769e-07	
1.4926e-06	
-3.34844e-07	
1.45956e-06	
-3.45247e-07	
1.4249e-06	
-3.53983e-07	
1.3887e-06	
-3.61061e-07	
1.35109e-06	
-3.66501e-07	
1.31215e-06	
-3.70327e-07	
1.27201e-06	
-3.72572e-07	
1.23077e-06	
-3.73275e-07	
1.18856e-06	
-3.7248e-07	
1.14549e-06	
-3.70238e-07	
1.10169e-06	
-3.66608e-07	
1.05729e-06	
-3.61476e-07	
1.01438e-06	
-3.40129e-07	
1.04709e-06	
-5.93817e-08	
1.64553e-06	
8.88154e-07	
2.07444e-06	
-4.82679e-07	
-2.22637e-06	
-6.96317e-06	
-8.4612e-06	
-9.66487e-06	
-5.69997e-06	
-1.3676e-06	
6.2037e-06	
1.17163e-05	
1.81053e-05	
2.11391e-05	
2.44153e-05	
2.45926e-05	
2.53998e-05	
2.38372e-05	
2.33693e-05	
2.11165e-05	
2.01986e-05	
1.78523e-05	
1.68916e-05	
1.47118e-05	
1.38671e-05	
1.19401e-05	
1.12542e-05	
9.59106e-06	
9.05996e-06	
7.64275e-06	
7.24575e-06	
6.04749e-06	
5.76006e-06	
4.75255e-06	
4.55121e-06	
3.70813e-06	
3.5723e-06	
2.87026e-06	
2.78271e-06	
2.20141e-06	
2.14819e-06	
1.67015e-06	
1.64027e-06	
1.25055e-06	
1.23556e-06	
9.21341e-07	
9.1495e-07	
6.65167e-07	
6.62886e-07	
4.67925e-07	
4.66734e-07	
3.18159e-07	
3.16244e-07	
2.06568e-07	
2.03092e-07	
1.256e-07	
1.20517e-07	
6.91167e-08	
6.30134e-08	
3.21223e-08	
2.60946e-08	
1.0547e-08	
6.09225e-09	
1.07003e-09	
