-4.64577e-18	
-1.05813e-14	
-6.24482e-12	
-2.49694e-10	
-1.92565e-09	
1.34062e-08	
-3.08597e-08	
4.12332e-08	
-4.32059e-08	
4.32603e-08	
-4.35511e-08	
4.38159e-08	
-4.41051e-08	
4.43734e-08	
-4.46659e-08	
4.49372e-08	
-4.52324e-08	
4.55062e-08	
-4.58035e-08	
4.60791e-08	
-4.63778e-08	
4.66544e-08	
-4.69536e-08	
4.723e-08	
-4.75285e-08	
4.78036e-08	
-4.81e-08	
4.83722e-08	
-4.86647e-08	
4.89319e-08	
-4.92184e-08	
4.94783e-08	
-4.97561e-08	
5.00057e-08	
-5.02714e-08	
5.0507e-08	
-5.07565e-08	
5.09735e-08	
-5.12016e-08	
5.13943e-08	
-5.15947e-08	
5.17559e-08	
-5.19205e-08	
5.20411e-08	
-5.21598e-08	
5.22284e-08	
-5.22882e-08	
5.22902e-08	
-5.22746e-08	
5.21911e-08	
-5.20788e-08	
5.18857e-08	
-5.16488e-08	
5.13141e-08	
-5.09161e-08	
5.03977e-08	
-4.97898e-08	
4.90311e-08	
-4.81473e-08	
4.70713e-08	
-4.58213e-08	
4.43212e-08	
-4.25786e-08	
4.0504e-08	
-3.80884e-08	
3.52219e-08	
-3.18697e-08	
2.78893e-08	
-2.32044e-08	
1.76186e-08	
-1.09854e-08	
3.01593e-09	
6.56028e-09	
-1.82001e-08	
3.24054e-08	
-4.99578e-08	
7.18231e-08	
-9.94607e-08	
1.34852e-07	
-1.81018e-07	
2.42429e-07	
-3.26218e-07	
4.43963e-07	
-6.15793e-07	
8.78715e-07	
-1.3071e-06	
2.07937e-06	
-3.21873e-06	
1.21951e-05	
-1.87799e-05	
-5.9063e-05	
0.000191348	
-0.000155285	
-3.17364e-06	
5.35851e-05	
2.57314e-05	
2.96465e-05	
-0.000411556	
0.000338477	
0.00023975	
-0.000383599	
0.000215097	
1.96639e-05	
-7.54853e-05	
9.96992e-06	
-6.52212e-08	
-1.78913e-05	
5.70714e-06	
5.92272e-06	
1.40672e-05	
1.6829e-05	
-2.51757e-05	
-2.65988e-05	
3.45834e-05	
-7.14045e-07	
-4.79624e-06	
3.83813e-06	
-3.10828e-06	
2.93363e-06	
-1.11414e-05	
1.6374e-05	
-2.66554e-05	
3.15859e-06	
0.000137543	
-0.00015789	
-1.9267e-05	
4.66577e-05	
-1.32961e-05	
4.05989e-05	
-2.3055e-05	
-1.05683e-05	
4.62935e-06	
2.30573e-06	
3.00712e-06	
-2.21129e-06	
-8.37648e-07	
1.01602e-06	
-5.9826e-06	
5.93608e-07	
7.991e-06	
-1.60077e-06	
3.74383e-06	
2.45301e-06	
-9.72064e-06	
-1.35828e-05	
1.5065e-05	
6.94147e-06	
-5.72297e-06	
-4.99766e-06	
8.0279e-06	
1.27971e-07	
-2.64629e-06	
-3.65324e-06	
-1.09991e-05	
1.36161e-05	
1.45125e-05	
-1.05673e-06	
-8.44231e-06	
-4.06761e-05	
2.91124e-05	
2.27319e-05	
-7.4714e-06	
-6.3273e-06	
-6.66335e-07	
9.00472e-06	
8.82207e-07	
-9.80633e-06	
-2.15504e-06	
2.26336e-06	
-6.45054e-06	
7.57501e-06	
3.22549e-06	
-1.00602e-05	
6.45264e-06	
4.51715e-06	
-3.21537e-06	
-6.04688e-08	
-4.21434e-07	
4.21319e-06	
9.8014e-07	
3.59652e-06	
-6.54925e-06	
-3.46242e-05	
2.14174e-05	
2.2152e-05	
-1.33932e-06	
7.49439e-06	
-8.30452e-06	
3.06153e-08	
-6.44596e-06	
-4.27032e-06	
1.34186e-06	
9.57507e-07	
6.1485e-07	
7.70821e-07	
1.40407e-06	
-1.76628e-06	
-1.12994e-05	
5.50122e-06	
2.28928e-05	
-6.06856e-06	
-1.66886e-05	
9.13052e-07	
3.39628e-06	
-2.52897e-06	
-1.98686e-06	
1.23107e-05	
7.58268e-06	
-9.16254e-06	
-3.5347e-05	
8.22065e-06	
2.4496e-05	
7.91505e-06	
1.59989e-07	
-3.87424e-06	
-3.33421e-06	
-2.58051e-06	
2.0224e-06	
1.04874e-05	
-3.19418e-06	
-7.36594e-06	
2.28202e-06	
-9.72303e-07	
-3.5028e-06	
2.48842e-07	
2.96993e-06	
-1.54977e-06	
-1.7868e-06	
6.60044e-07	
-7.39309e-07	
7.04103e-07	
5.00261e-06	
-9.03125e-07	
-4.28522e-06	
-7.28367e-07	
-7.00394e-07	
4.86521e-07	
5.86295e-06	
-1.85777e-06	
-6.13593e-06	
-1.56815e-06	
7.37866e-07	
1.0263e-06	
-7.5843e-07	
3.1568e-07	
5.63033e-07	
-1.63472e-06	
-3.14293e-07	
1.58936e-06	
8.17866e-07	
3.44388e-06	
3.72215e-07	
-1.24746e-05	
-5.11115e-06	
9.23416e-06	
9.15627e-06	
2.67557e-06	
-2.30816e-06	
-3.21861e-06	
-1.20267e-06	
5.53198e-06	
8.61278e-06	
-3.81834e-06	
-9.68947e-06	
-2.01833e-06	
6.99275e-06	
4.61995e-07	
-2.82395e-05	
-1.23251e-05	
2.11379e-05	
9.53987e-06	
5.26745e-06	
1.17741e-05	
6.18354e-06	
1.15683e-06	
6.33778e-08	
-2.35512e-06	
-2.77557e-06	
-3.09976e-08	
2.62212e-06	
4.19633e-06	
1.40168e-06	
-1.94008e-06	
-5.55299e-07	
7.49751e-07	
-5.2891e-07	
7.44917e-07	
2.02914e-06	
1.33954e-06	
2.12213e-07	
5.5385e-07	
-1.88215e-06	
8.73347e-07	
9.62203e-06	
2.03259e-06	
-7.96474e-06	
-6.30071e-06	
-2.49275e-06	
1.79729e-06	
1.35511e-06	
-2.18658e-06	
-1.68523e-06	
7.18447e-07	
1.36281e-06	
1.24533e-06	
4.16973e-07	
-7.78139e-07	
-2.44232e-06	
-1.00451e-06	
1.31738e-06	
4.19868e-07	
-3.28909e-07	
1.49855e-06	
1.98787e-06	
-2.95404e-07	
-1.32334e-06	
-1.6845e-07	
8.85109e-08	
-2.83344e-07	
1.86231e-07	
1.21134e-06	
8.6694e-07	
-6.68025e-07	
-2.50286e-06	
-2.73387e-06	
1.95454e-06	
9.73012e-06	
4.56041e-06	
-7.99793e-06	
-8.85142e-06	
-2.18903e-06	
1.0817e-06	
9.01663e-07	
7.20457e-07	
2.25726e-06	
1.71731e-06	
-1.27943e-06	
-2.32652e-06	
-1.06837e-06	
-4.58619e-07	
1.2281e-07	
3.00898e-07	
-1.90698e-07	
9.54411e-08	
-2.62425e-09	
-4.77801e-07	
1.21175e-06	
4.37109e-07	
-8.33617e-07	
5.75129e-07	
2.70479e-06	
1.10984e-06	
-3.47604e-06	
-3.37472e-06	
1.02909e-06	
3.23331e-06	
3.16082e-06	
1.69771e-06	
3.15402e-07	
-8.74407e-07	
-1.67866e-06	
-1.6865e-06	
-8.91408e-07	
-2.27493e-07	
4.08657e-07	
7.3484e-07	
7.26014e-09	
-1.56402e-06	
-1.06858e-06	
1.36276e-06	
1.99486e-06	
5.03735e-08	
-1.303e-06	
-1.28696e-06	
-7.87399e-07	
-2.14729e-07	
1.09456e-06	
1.96747e-06	
6.66686e-07	
-2.78042e-06	
-2.95246e-06	
-1.94697e-07	
1.46795e-06	
1.2059e-06	
1.0699e-06	
1.66523e-06	
1.29507e-06	
1.0371e-06	
2.05983e-06	
8.41382e-07	
-1.97744e-06	
-3.26874e-06	
-2.93614e-06	
-2.4403e-06	
-1.63456e-06	
-8.12408e-07	
-4.53181e-07	
-6.36586e-07	
-6.57424e-07	
-6.70582e-07	
-3.72612e-07	
1.29243e-08	
3.38117e-07	
6.1761e-07	
5.5648e-07	
-2.95889e-07	
-8.41003e-07	
-7.25079e-07	
-6.42788e-07	
-1.07437e-06	
-1.2298e-06	
-1.10196e-06	
-7.74006e-07	
-6.67891e-07	
-5.37941e-07	
-5.42146e-07	
-3.08938e-07	
2.89258e-07	
5.54687e-07	
3.40397e-08	
-1.19677e-07	
-3.34079e-07	
-1.29641e-06	
-1.99196e-06	
-1.37289e-06	
-7.53338e-07	
1.04835e-07	
1.59839e-06	
2.3128e-06	
1.45615e-06	
8.28027e-07	
8.831e-07	
4.55746e-07	
-9.28371e-07	
-1.69042e-06	
-1.08812e-06	
-8.49113e-07	
-3.30336e-06	
-5.08144e-06	
-3.1799e-06	
-7.25901e-08	
2.19788e-06	
4.08329e-06	
4.5947e-06	
3.8431e-06	
2.77142e-06	
1.8751e-06	
1.03449e-06	
7.21751e-07	
8.98295e-07	
1.32011e-06	
1.24552e-06	
8.51476e-07	
5.28697e-07	
5.36094e-07	
5.02496e-07	
6.22908e-07	
7.62121e-07	
9.21399e-07	
9.35214e-07	
8.74465e-07	
4.62055e-07	
4.48459e-07	
1.20095e-06	
1.60964e-06	
5.79253e-07	
-6.56638e-07	
-1.02896e-06	
-7.9669e-07	
-1.18666e-06	
-1.7831e-06	
-1.64714e-06	
-5.90498e-07	
3.46826e-07	
6.60617e-07	
4.19673e-07	
2.23096e-07	
3.88104e-08	
6.24232e-08	
1.80967e-07	
3.10374e-07	
2.72965e-07	
4.39042e-07	
6.08646e-07	
6.42428e-07	
4.66362e-07	
3.5788e-07	
1.13011e-07	
-1.28515e-07	
-3.04011e-07	
-1.30137e-07	
1.36266e-07	
2.64669e-07	
-1.11947e-07	
-5.75201e-07	
-4.51291e-07	
6.99366e-07	
1.43329e-06	
6.34621e-07	
-9.81352e-07	
-1.76557e-06	
-1.54693e-06	
-8.1077e-07	
-2.10019e-07	
2.6145e-07	
3.95183e-07	
2.00862e-07	
-2.49081e-07	
-4.7828e-07	
-5.42174e-07	
-4.2474e-07	
-3.5403e-07	
-2.54122e-07	
-2.10284e-07	
-1.56762e-07	
-2.67534e-07	
-2.58593e-07	
-2.67426e-07	
-1.91325e-07	
7.28289e-08	
6.3316e-07	
8.35633e-07	
4.8766e-07	
5.35189e-08	
2.65417e-07	
7.68809e-07	
1.11643e-06	
9.41261e-07	
5.30269e-07	
2.77983e-08	
-3.13439e-07	
-5.508e-07	
-5.44804e-07	
-4.81672e-07	
-3.32272e-07	
-2.7321e-07	
-2.79911e-07	
-4.87571e-07	
-5.2916e-07	
-2.24901e-07	
4.14497e-07	
7.56406e-07	
6.18084e-07	
9.21137e-08	
-3.2317e-07	
-5.18894e-07	
-3.35047e-07	
-2.53517e-08	
1.55827e-07	
-2.14755e-07	
-7.64948e-07	
-1.03019e-06	
-7.06084e-07	
-1.75123e-07	
3.76583e-07	
7.08867e-07	
8.75475e-07	
8.47373e-07	
8.94028e-07	
7.85262e-07	
4.04041e-07	
-2.74229e-07	
-8.51566e-07	
-1.2603e-06	
-1.35107e-06	
-1.27764e-06	
-1.05528e-06	
-9.18112e-07	
-7.92244e-07	
-7.56989e-07	
-6.54178e-07	
-5.5895e-07	
-3.72418e-07	
-2.31536e-07	
-8.36107e-08	
-1.0189e-07	
-1.66212e-07	
-2.98392e-07	
-3.60867e-07	
-4.92587e-07	
-5.83897e-07	
-6.95418e-07	
-7.15964e-07	
-7.93496e-07	
-8.13878e-07	
-7.94678e-07	
-5.6205e-07	
-2.71618e-07	
7.92078e-09	
4.405e-08	
-1.55488e-08	
-1.92094e-07	
-3.85384e-07	
-6.48961e-07	
-7.50193e-07	
-8.09237e-07	
-8.16019e-07	
-7.34296e-07	
-2.71956e-07	
3.53007e-07	
9.50932e-07	
1.23525e-06	
1.23278e-06	
8.54037e-07	
3.73988e-07	
-5.92007e-08	
-3.5796e-07	
-9.2304e-07	
-1.65099e-06	
-2.10546e-06	
-1.76023e-06	
-8.22079e-07	
4.03303e-07	
1.39721e-06	
1.96446e-06	
1.9522e-06	
1.64489e-06	
1.22979e-06	
1.01287e-06	
9.51628e-07	
1.07205e-06	
1.15113e-06	
1.19567e-06	
1.11116e-06	
1.04718e-06	
9.36933e-07	
8.74278e-07	
7.68629e-07	
7.3597e-07	
6.92003e-07	
7.08638e-07	
6.52877e-07	
6.47135e-07	
6.79504e-07	
8.15683e-07	
7.99421e-07	
6.43158e-07	
3.51927e-07	
1.31543e-07	
-1.2909e-07	
-3.79883e-07	
-6.38148e-07	
-6.8111e-07	
-5.75298e-07	
-3.31017e-07	
-1.5864e-07	
-1.24988e-08	
2.85043e-08	
9.1611e-08	
1.16976e-07	
1.88208e-07	
1.79851e-07	
1.91895e-07	
1.90255e-07	
2.94764e-07	
3.86028e-07	
4.98618e-07	
5.00404e-07	
4.81416e-07	
3.88265e-07	
3.48604e-07	
2.83299e-07	
2.51781e-07	
1.28998e-07	
3.93429e-08	
2.69478e-08	
2.78063e-07	
5.81363e-07	
7.33569e-07	
4.83388e-07	
4.40572e-08	
-4.05004e-07	
-5.9352e-07	
-5.92902e-07	
-4.11337e-07	
-2.58642e-07	
-1.42067e-07	
-1.75681e-07	
-2.33965e-07	
-3.43911e-07	
-3.8326e-07	
-4.32341e-07	
-4.14126e-07	
-4.2197e-07	
-3.80388e-07	
-3.86205e-07	
-3.53234e-07	
-3.59113e-07	
-3.10224e-07	
-2.65228e-07	
-1.15785e-07	
2.11583e-08	
1.50011e-07	
1.56428e-07	
1.90454e-07	
2.51101e-07	
4.25261e-07	
5.53058e-07	
6.34301e-07	
5.56467e-07	
4.33348e-07	
2.43374e-07	
1.26163e-07	
2.85675e-08	
2.84358e-08	
1.46489e-08	
2.94273e-08	
-4.24604e-08	
-1.14481e-07	
-2.05538e-07	
-1.58228e-07	
-4.56978e-08	
1.38757e-07	
2.27623e-07	
2.68096e-07	
2.03463e-07	
1.67273e-07	
1.22782e-07	
1.43717e-07	
9.16718e-08	
4.72226e-09	
-1.59733e-07	
-2.35422e-07	
-2.46328e-07	
-1.21204e-07	
1.85477e-08	
2.16365e-07	
3.7851e-07	
5.68806e-07	
6.59146e-07	
6.56218e-07	
4.47451e-07	
1.48529e-07	
-2.37857e-07	
-5.56938e-07	
-8.41199e-07	
-1.0021e-06	
-1.1289e-06	
-1.15957e-06	
-1.17995e-06	
-1.11852e-06	
-1.06601e-06	
-9.66017e-07	
-9.06279e-07	
-8.04192e-07	
-7.30756e-07	
-6.19798e-07	
-5.67836e-07	
-5.16934e-07	
-5.49566e-07	
-5.73412e-07	
-6.31768e-07	
-6.30416e-07	
-6.57646e-07	
-6.6175e-07	
-7.19754e-07	
-7.29344e-07	
-7.35063e-07	
-6.58398e-07	
-5.99575e-07	
-5.13711e-07	
-4.94114e-07	
-4.8264e-07	
-5.67649e-07	
-6.65717e-07	
-8.11487e-07	
-8.78746e-07	
-8.88345e-07	
-7.25576e-07	
-4.62986e-07	
-8.01031e-08	
2.6526e-07	
5.64686e-07	
6.91223e-07	
7.08523e-07	
5.77587e-07	
4.10447e-07	
1.39409e-07	
-1.68533e-07	
-5.35674e-07	
-7.76061e-07	
-8.52377e-07	
-6.54235e-07	
-3.02224e-07	
1.66157e-07	
5.5753e-07	
8.58654e-07	
9.77447e-07	
1.01962e-06	
9.69718e-07	
9.44922e-07	
8.98148e-07	
9.05014e-07	
8.89913e-07	
9.16356e-07	
9.06865e-07	
9.26642e-07	
9.04965e-07	
9.16439e-07	
8.94676e-07	
9.05662e-07	
8.68824e-07	
8.49561e-07	
7.90391e-07	
7.75925e-07	
7.31151e-07	
7.00326e-07	
5.95491e-07	
4.87553e-07	
3.18666e-07	
1.66519e-07	
-2.44794e-08	
-1.5952e-07	
-2.7755e-07	
-2.96408e-07	
-2.93733e-07	
-2.23927e-07	
-1.77692e-07	
-1.02251e-07	
-7.29019e-08	
-2.35126e-08	
-1.49079e-08	
4.12795e-08	
1.01346e-07	
2.32612e-07	
3.32311e-07	
4.17184e-07	
3.85514e-07	
3.01167e-07	
1.23145e-07	
-3.90929e-08	
-2.09754e-07	
-2.97464e-07	
-3.69011e-07	
-3.71701e-07	
-3.76854e-07	
-3.07998e-07	
-2.27502e-07	
-9.88717e-08	
-4.5688e-08	
-5.00825e-08	
-1.80163e-07	
-3.24729e-07	
-4.85101e-07	
-5.49326e-07	
-5.72856e-07	
-5.12439e-07	
-4.66106e-07	
-3.92457e-07	
-3.6485e-07	
-3.19328e-07	
-3.21994e-07	
-3.10611e-07	
-3.49189e-07	
-3.68289e-07	
-4.24525e-07	
-4.45379e-07	
-4.87704e-07	
-4.81399e-07	
-4.84092e-07	
-4.26013e-07	
-3.72103e-07	
-2.7207e-07	
-2.07513e-07	
-1.21923e-07	
-6.9586e-08	
2.53071e-08	
9.87994e-08	
1.96542e-07	
2.32681e-07	
2.5718e-07	
2.11764e-07	
1.77308e-07	
1.09639e-07	
7.78389e-08	
1.36085e-08	
-2.72727e-08	
-1.04217e-07	
-1.41518e-07	
-1.82285e-07	
-1.47282e-07	
-9.27754e-08	
3.01476e-08	
1.3125e-07	
2.41981e-07	
2.8364e-07	
3.20005e-07	
3.0435e-07	
3.09886e-07	
2.73947e-07	
2.48549e-07	
1.71357e-07	
1.1833e-07	
5.2137e-08	
5.16054e-08	
6.07342e-08	
1.34238e-07	
2.0159e-07	
3.12463e-07	
3.92075e-07	
4.8005e-07	
4.92774e-07	
4.73168e-07	
3.57649e-07	
2.17165e-07	
1.29246e-08	
-1.71495e-07	
-3.74609e-07	
-5.22767e-07	
-6.66701e-07	
-7.44721e-07	
-8.15712e-07	
-8.25208e-07	
-8.35638e-07	
-7.95333e-07	
-7.67244e-07	
-7.03076e-07	
-6.67801e-07	
-6.15031e-07	
-6.05701e-07	
-5.86883e-07	
-6.07475e-07	
-6.0661e-07	
-6.30673e-07	
-6.26556e-07	
-6.46327e-07	
-6.38597e-07	
-6.4841e-07	
-6.21292e-07	
-6.03793e-07	
-5.52916e-07	
-5.24844e-07	
-4.84487e-07	
-4.84408e-07	
-4.7959e-07	
-5.04507e-07	
-5.04643e-07	
-5.13204e-07	
-4.84752e-07	
-4.57126e-07	
-3.90813e-07	
-3.28048e-07	
-2.40638e-07	
-1.77583e-07	
-1.13967e-07	
-8.99582e-08	
-7.28765e-08	
-9.67159e-08	
-1.31436e-07	
-2.05901e-07	
-2.77744e-07	
-3.54982e-07	
-3.87147e-07	
-3.88234e-07	
-3.32185e-07	
-2.57619e-07	
-1.59146e-07	
-7.85299e-08	
-4.0874e-09	
3.89359e-08	
7.43466e-08	
8.69891e-08	
1.01225e-07	
1.02096e-07	
1.09764e-07	
1.08908e-07	
1.16393e-07	
1.16477e-07	
1.22206e-07	
1.18245e-07	
1.17014e-07	
1.06977e-07	
1.01192e-07	
9.03797e-08	
8.5683e-08	
7.76708e-08	
7.43666e-08	
6.64745e-08	
6.08588e-08	
5.02882e-08	
4.1314e-08	
2.8442e-08	
1.79146e-08	
6.15249e-09	
-1.17583e-09	
-7.30853e-09	
-8.83751e-09	
-9.58884e-09	
-7.79066e-09	
-6.62252e-09	
-4.57156e-09	
-3.56034e-09	
-2.13999e-09	
-1.40255e-09	
-3.80946e-10	
1.12688e-10	
5.43014e-10	
5.03743e-10	
3.74939e-10	
1.48086e-10	
3.03821e-11	
