-5.20341e-17	
-1.18505e-13	
-6.99232e-11	
-2.78431e-09	
-2.1065e-08	
1.54358e-07	
-3.68738e-07	
5.04493e-07	
-5.32425e-07	
5.34066e-07	
-5.38678e-07	
5.43294e-07	
-5.48001e-07	
5.52785e-07	
-5.57664e-07	
5.62625e-07	
-5.67686e-07	
5.72834e-07	
-5.78088e-07	
5.83435e-07	
-5.88893e-07	
5.9445e-07	
-6.00125e-07	
6.05905e-07	
-6.11809e-07	
6.17826e-07	
-6.23974e-07	
6.30243e-07	
-6.3665e-07	
6.43187e-07	
-6.49871e-07	
6.56692e-07	
-6.63671e-07	
6.70797e-07	
-6.78091e-07	
6.85542e-07	
-6.93171e-07	
7.00969e-07	
-7.08958e-07	
7.17128e-07	
-7.25501e-07	
7.34069e-07	
-7.42854e-07	
7.51849e-07	
-7.61076e-07	
7.70528e-07	
-7.80229e-07	
7.90171e-07	
-8.00379e-07	
8.10847e-07	
-8.21598e-07	
8.32629e-07	
-8.43962e-07	
8.55592e-07	
-8.67544e-07	
8.79813e-07	
-8.92422e-07	
9.05364e-07	
-9.18661e-07	
9.32305e-07	
-9.46315e-07	
9.60677e-07	
-9.75403e-07	
9.90472e-07	
-1.00589e-06	
1.02161e-06	
-1.03762e-06	
1.05385e-06	
-1.07025e-06	
1.0867e-06	
-1.10308e-06	
1.11918e-06	
-1.13474e-06	
1.14936e-06	
-1.16253e-06	
1.17347e-06	
-1.1811e-06	
1.18381e-06	
-1.17923e-06	
1.16375e-06	
-1.13173e-06	
1.0741e-06	
-9.7565e-07	
8.0967e-07	
-5.26298e-07	
2.48052e-08	
9.27807e-07	
-2.51556e-06	
1.51292e-05	
-2.18096e-06	
-0.00023033	
0.000649457	
-0.000695366	
0.000255434	
8.6335e-05	
-5.39751e-05	
0.000260777	
-0.00130396	
0.00145144	
0.000211578	
-0.00144275	
0.00130837	
-0.000468363	
-8.77573e-05	
8.89469e-05	
-3.56201e-06	
-6.64717e-05	
6.19953e-05	
-1.69076e-05	
3.97697e-05	
2.51667e-05	
-7.94253e-05	
-6.19471e-05	
0.000168923	
-9.5038e-05	
1.64576e-05	
8.7879e-06	
-1.5436e-05	
2.05588e-05	
-4.98896e-05	
7.90519e-05	
-8.71025e-05	
-7.182e-05	
0.00064847	
-0.00099054	
0.000460027	
6.06197e-05	
-0.000159594	
0.000237505	
-0.00022253	
6.5377e-05	
1.3317e-05	
-6.13444e-06	
1.37228e-05	
-2.03073e-05	
8.09994e-06	
4.4857e-06	
-2.34943e-05	
1.021e-05	
3.722e-05	
-4.38807e-05	
3.77297e-05	
-1.22733e-05	
-2.11929e-05	
-5.45121e-05	
0.000119649	
-4.834e-05	
-1.02547e-05	
-2.22054e-05	
6.44733e-05	
-4.54519e-05	
8.00006e-06	
-3.68831e-06	
-5.10438e-05	
9.24404e-05	
1.89394e-05	
-7.35069e-05	
6.44986e-05	
-0.000269894	
0.0003665	
-0.000111248	
-4.62154e-05	
4.6794e-06	
7.48454e-06	
4.06586e-05	
-2.37189e-05	
-4.86054e-05	
3.45301e-05	
1.65059e-05	
-6.21884e-05	
8.27779e-05	
-1.85109e-05	
-8.09591e-05	
0.000110118	
-4.14396e-05	
-1.78597e-05	
2.09593e-05	
-1.57678e-05	
3.06102e-05	
-1.80932e-05	
6.96953e-06	
2.62847e-05	
-0.000277227	
0.000393933	
-0.000111142	
-8.09084e-05	
0.00013557	
-0.000171225	
0.000136538	
-0.000110733	
4.77023e-05	
4.5052e-06	
-3.38987e-06	
4.18437e-08	
3.18043e-06	
1.61302e-06	
3.90995e-06	
-8.39612e-05	
8.8823e-05	
0.00012976	
-0.000206013	
-5.2892e-06	
0.000107586	
-4.51715e-05	
9.58344e-07	
-4.34228e-05	
0.000151392	
-0.000111985	
5.50775e-05	
-0.000340627	
0.00043924	
-8.88953e-05	
-4.55932e-05	
7.35139e-07	
-1.90634e-05	
3.33371e-06	
1.85705e-06	
-6.79459e-06	
0.000109984	
-0.000147706	
1.85409e-05	
8.11851e-05	
-7.61784e-05	
1.42913e-05	
1.00061e-05	
3.17604e-05	
-5.92351e-05	
2.8243e-05	
6.67325e-06	
-1.40722e-05	
-2.70289e-06	
6.52145e-05	
-8.37137e-05	
1.20392e-05	
2.32798e-05	
-9.53897e-06	
-1.98054e-05	
9.77327e-05	
-0.000122565	
2.07091e-05	
3.04402e-05	
-7.85611e-06	
8.6199e-06	
-2.30038e-05	
2.0288e-05	
4.4437e-06	
-3.56965e-05	
3.30399e-05	
2.80503e-06	
-1.67125e-05	
2.9184e-05	
1.87126e-05	
-0.000188662	
0.000160424	
5.42807e-05	
-3.94558e-05	
-2.50018e-05	
-1.28145e-05	
-6.25291e-07	
7.39967e-06	
3.74454e-05	
6.77747e-05	
-0.000176867	
3.10681e-05	
6.64663e-05	
2.13672e-05	
4.51199e-05	
-0.000451374	
0.00035018	
0.000306721	
-0.00047313	
0.000258016	
2.10588e-05	
-9.44979e-05	
1.26166e-05	
2.47671e-05	
-5.39259e-05	
2.1714e-05	
1.5576e-05	
8.04191e-06	
2.0658e-05	
-3.20662e-05	
-3.1904e-05	
5.14596e-05	
-8.94748e-06	
-3.26574e-05	
4.15524e-05	
-3.64392e-06	
-8.44853e-06	
-1.3303e-05	
3.37433e-05	
-5.22397e-05	
-1.5909e-06	
0.000215857	
-0.000264197	
1.01378e-05	
8.25781e-05	
-4.65836e-05	
7.41141e-05	
-4.50045e-05	
-4.73823e-05	
5.60458e-05	
6.04833e-07	
-7.95413e-06	
7.17794e-06	
-1.21441e-05	
4.12434e-06	
-3.61353e-05	
3.73495e-05	
2.85447e-05	
-5.66482e-05	
2.09245e-05	
2.56237e-05	
2.30638e-06	
-5.29777e-05	
2.75568e-05	
1.29866e-05	
-1.11768e-05	
-9.80005e-06	
1.66735e-05	
9.40654e-06	
-1.28213e-05	
-1.07198e-05	
-1.70996e-05	
3.08128e-06	
2.0667e-05	
0.000178183	
-0.000199596	
-0.000142211	
0.000176872	
1.19795e-05	
-2.4867e-05	
-9.76805e-06	
-1.01226e-07	
4.68142e-05	
-2.85502e-05	
-5.49158e-05	
3.88065e-05	
1.52947e-05	
-2.45677e-05	
1.88741e-05	
2.96468e-06	
-3.09646e-05	
3.78793e-05	
-1.07186e-05	
-5.10947e-05	
0.000123633	
-0.000123295	
3.51028e-05	
3.30201e-05	
1.66379e-05	
-2.53186e-05	
-0.000115578	
0.000112937	
4.68165e-05	
-5.73353e-05	
3.43417e-05	
-4.10753e-05	
1.69371e-05	
-1.54532e-05	
-8.1936e-06	
1.01111e-05	
7.09336e-06	
-2.25144e-06	
3.01666e-06	
1.16055e-05	
-2.01658e-05	
-3.02384e-05	
3.09982e-05	
5.88483e-05	
-5.14201e-05	
-3.15122e-05	
2.07905e-05	
6.52436e-06	
-1.71738e-06	
-8.44551e-06	
4.16236e-05	
-1.84518e-05	
1.0147e-05	
-0.000131735	
0.000132032	
8.70078e-06	
-3.11248e-05	
-2.40867e-07	
-9.92714e-06	
6.54078e-05	
-8.06093e-05	
2.71836e-05	
7.51171e-05	
-0.000105132	
-1.91419e-05	
4.56831e-05	
-1.3586e-05	
-5.4866e-06	
9.99457e-06	
1.23861e-05	
-1.78793e-05	
-7.42138e-07	
7.22532e-06	
-6.73548e-06	
3.42879e-06	
1.68755e-05	
-2.5311e-05	
3.45884e-05	
-2.36549e-05	
-1.35979e-05	
4.71516e-07	
2.85724e-05	
-2.76505e-05	
-5.75818e-06	
1.00113e-05	
-1.5496e-06	
4.55473e-06	
-8.5279e-06	
5.55198e-06	
-3.49731e-07	
-1.22131e-05	
4.34734e-05	
-3.14085e-05	
-1.77776e-05	
3.01691e-05	
3.66854e-07	
-5.94871e-05	
2.65726e-05	
4.41154e-05	
-4.79217e-05	
1.59805e-05	
7.04038e-05	
-5.74372e-05	
-2.37227e-05	
2.74802e-05	
3.02122e-05	
-5.0169e-05	
-1.86928e-05	
1.26211e-05	
3.80556e-05	
1.53224e-05	
-0.000175361	
6.45513e-05	
0.000159022	
-0.000110053	
3.82299e-05	
6.302e-05	
-6.61065e-05	
-1.07638e-06	
2.22354e-05	
-2.13639e-05	
-2.56534e-06	
1.08698e-05	
8.59177e-06	
9.13866e-06	
-1.9637e-05	
-6.85192e-06	
1.61242e-05	
6.21402e-07	
-1.16413e-05	
1.41725e-05	
1.18309e-06	
-4.93188e-06	
5.11598e-06	
3.11328e-06	
-2.21296e-05	
1.01875e-06	
7.87249e-05	
-6.07092e-05	
-4.40238e-05	
2.24596e-05	
2.33676e-05	
7.7992e-06	
-5.89895e-05	
7.70261e-06	
4.04475e-05	
7.1021e-06	
-2.92131e-06	
-2.15066e-05	
4.00914e-06	
1.0673e-05	
-1.30091e-05	
6.52181e-06	
1.34105e-05	
-1.55841e-05	
-9.95972e-07	
1.71414e-05	
1.87416e-06	
-2.09786e-05	
1.31719e-05	
5.89663e-07	
-1.03531e-05	
-2.79151e-06	
4.96195e-06	
7.90892e-06	
5.93566e-06	
-9.45323e-06	
-1.71518e-05	
-5.43114e-06	
1.51393e-05	
7.80656e-05	
-5.12892e-05	
-8.57437e-05	
3.26039e-05	
3.08257e-05	
1.77654e-06	
1.30167e-06	
-6.51915e-06	
1.17918e-05	
-2.29182e-06	
-2.38843e-05	
3.88838e-06	
1.28877e-05	
-7.00772e-06	
2.09196e-06	
3.36142e-06	
-9.99248e-06	
1.24799e-05	
-1.40595e-06	
-2.73681e-05	
4.24815e-05	
-3.00393e-05	
1.42352e-06	
2.50195e-05	
1.2144e-05	
-1.61536e-05	
-5.09752e-05	
4.58685e-05	
2.88679e-05	
-1.85181e-05	
-4.18548e-07	
-1.88532e-05	
5.02854e-06	
-6.37866e-07	
-6.38423e-06	
4.09133e-06	
4.05358e-06	
-4.79749e-07	
-3.86028e-06	
7.93549e-06	
-1.06269e-05	
-1.20904e-05	
1.00649e-05	
2.76218e-05	
8.06349e-06	
-2.67543e-05	
-1.4683e-05	
3.61137e-06	
5.57376e-06	
-1.0971e-06	
1.346e-05	
4.91877e-06	
-3.87819e-06	
-5.01238e-05	
1.61353e-05	
3.03015e-05	
2.07723e-06	
6.23041e-08	
-5.51485e-06	
1.69322e-05	
-2.03612e-05	
1.43397e-08	
3.26036e-05	
-2.71405e-05	
-2.63954e-05	
7.94112e-06	
1.34689e-06	
-3.84678e-06	
3.50702e-06	
7.83468e-06	
-5.76991e-06	
-3.89676e-06	
2.64207e-06	
-2.33457e-06	
1.27907e-06	
6.58486e-06	
-5.31653e-06	
7.35699e-06	
-2.45586e-06	
-8.59559e-06	
-2.18547e-06	
9.12127e-06	
-6.21082e-06	
-6.58668e-06	
1.62434e-06	
1.63326e-06	
1.23787e-06	
-1.10241e-05	
2.55921e-06	
7.48491e-06	
5.87043e-06	
9.05279e-06	
-1.28115e-05	
-1.07873e-05	
9.18152e-06	
3.39898e-06	
-2.22815e-05	
1.13353e-07	
2.57722e-05	
-1.26101e-05	
-3.22941e-05	
4.24087e-05	
2.71332e-05	
-1.69526e-05	
-3.80261e-06	
8.79705e-06	
-1.55284e-05	
-1.68434e-05	
2.48731e-07	
2.03462e-05	
7.67932e-06	
-7.75328e-05	
-8.03743e-06	
7.80422e-05	
9.3224e-06	
-2.15701e-06	
2.45181e-05	
-1.27135e-05	
-1.46932e-05	
-8.94044e-06	
-9.7211e-08	
9.35199e-06	
5.74754e-06	
4.64676e-06	
4.13945e-06	
-5.71587e-06	
-4.30839e-06	
3.51697e-06	
4.44423e-06	
-3.16622e-06	
-1.813e-06	
2.48965e-06	
1.92852e-06	
2.06137e-06	
1.89891e-06	
-9.69212e-06	
-9.27183e-08	
3.03236e-05	
-9.8845e-06	
-2.63393e-05	
-7.49463e-07	
1.25279e-05	
5.19242e-06	
-2.32455e-05	
-8.17822e-06	
1.47204e-05	
1.18131e-05	
1.74021e-06	
-7.33655e-06	
-2.05171e-06	
4.39036e-06	
-2.70116e-06	
2.21137e-07	
8.12094e-06	
-2.70828e-06	
-1.15884e-05	
7.20361e-06	
1.15084e-05	
-3.92772e-06	
1.67183e-06	
-3.47908e-07	
-7.20441e-06	
2.71635e-06	
1.79997e-06	
-6.38836e-07	
4.04258e-06	
-5.86034e-06	
-9.86111e-06	
5.18968e-07	
1.97615e-05	
3.1766e-05	
-1.76107e-05	
-4.51793e-05	
-5.72496e-06	
1.40218e-05	
7.94092e-06	
7.47622e-06	
-9.39375e-07	
9.74929e-07	
-1.70917e-06	
-1.03239e-05	
-1.56358e-06	
4.52999e-06	
-1.31092e-06	
1.00543e-07	
3.02982e-07	
-3.0343e-06	
3.90181e-06	
-1.61827e-07	
-9.40563e-06	
1.15135e-05	
-5.14692e-06	
-4.08041e-06	
1.07358e-05	
9.428e-06	
-2.98567e-06	
-2.04303e-05	
4.60331e-06	
1.8954e-05	
4.48891e-06	
-8.12676e-07	
-8.23e-06	
-4.7302e-06	
-2.00223e-06	
-1.063e-06	
1.65815e-06	
2.45875e-06	
2.32914e-06	
-1.13883e-06	
-4.88405e-08	
-2.65566e-06	
-7.56209e-06	
-4.95094e-06	
1.35361e-05	
1.60746e-05	
-5.23032e-06	
-1.06061e-05	
-1.36501e-06	
1.09671e-06	
-2.5078e-06	
4.91597e-06	
6.72712e-06	
-8.35435e-09	
-2.16506e-05	
-4.64575e-06	
1.46513e-05	
7.7891e-06	
7.02531e-07	
-1.65264e-06	
4.27175e-06	
4.34735e-08	
5.53698e-06	
9.32829e-06	
-1.43691e-05	
-1.83098e-05	
-1.81979e-06	
-6.87874e-07	
-2.34276e-06	
-4.59603e-07	
4.04646e-07	
-1.85454e-06	
-2.72116e-06	
5.71074e-07	
1.8026e-06	
1.45921e-06	
-4.78178e-07	
-6.08752e-06	
2.39774e-06	
7.08903e-06	
-1.96054e-06	
-5.12453e-06	
1.69671e-06	
-2.92785e-06	
-9.36607e-06	
6.1716e-06	
6.12854e-06	
-3.11589e-06	
-8.30197e-06	
-3.59369e-06	
2.51777e-06	
5.06491e-06	
5.43664e-06	
-3.37514e-06	
-6.25766e-06	
1.78538e-06	
3.41244e-06	
-9.3113e-06	
-1.37319e-05	
7.14885e-06	
5.40187e-06	
-7.91868e-06	
1.50308e-05	
1.90979e-05	
-7.74737e-08	
-2.65408e-06	
1.83774e-06	
-5.54158e-06	
-1.00594e-05	
-4.03842e-06	
7.27315e-06	
3.90998e-06	
-3.13519e-05	
-1.76325e-05	
2.59715e-05	
1.7628e-05	
6.87867e-06	
1.40553e-05	
3.13925e-06	
-4.90319e-06	
-7.62493e-06	
-4.6515e-06	
2.95237e-06	
4.66821e-06	
6.10461e-07	
2.47099e-06	
1.55423e-06	
-8.69875e-08	
1.70006e-06	
2.20528e-06	
-9.94184e-07	
-2.87147e-07	
2.64663e-06	
2.22507e-06	
1.3172e-06	
-1.89239e-07	
-5.97598e-06	
-1.39316e-06	
1.35671e-05	
2.09011e-06	
-1.26483e-05	
-6.53601e-06	
2.87734e-06	
3.66815e-06	
-8.3575e-06	
-8.04424e-06	
2.97761e-06	
7.4934e-06	
3.73142e-06	
-1.85745e-06	
-1.40003e-06	
1.92281e-06	
-1.13511e-06	
-9.99956e-07	
2.70418e-06	
-2.93897e-06	
-4.43985e-06	
1.66647e-05	
1.12032e-05	
-1.00259e-05	
-9.37709e-06	
-3.69323e-06	
-4.31493e-06	
-3.85641e-06	
-4.7018e-07	
3.30907e-06	
5.37877e-06	
-5.72546e-07	
-5.90861e-06	
-2.9885e-06	
7.25342e-06	
1.65127e-05	
2.83911e-07	
-1.77788e-05	
-1.37923e-05	
-4.97898e-06	
3.05841e-06	
9.03328e-06	
4.43457e-06	
1.64498e-06	
-7.40918e-07	
-5.6763e-06	
-2.09137e-06	
4.52587e-06	
4.31404e-07	
-3.30766e-06	
-2.63419e-06	
-1.95602e-06	
3.71903e-07	
-2.31424e-07	
-3.08269e-06	
3.11383e-06	
-4.17779e-07	
-1.7266e-06	
4.74399e-06	
6.55256e-06	
5.78402e-08	
-9.20355e-06	
-1.88838e-06	
9.73465e-06	
6.97559e-06	
8.62209e-07	
-4.66421e-06	
-4.6788e-06	
-2.86543e-06	
-9.81955e-07	
1.52415e-06	
4.69999e-06	
1.50037e-06	
-8.93604e-06	
-5.02315e-06	
4.13829e-06	
1.66193e-06	
-5.0508e-07	
6.41294e-06	
9.50333e-06	
1.0048e-06	
-5.04023e-06	
-4.21726e-06	
-1.62296e-06	
-4.86325e-07	
4.90988e-06	
5.21871e-06	
-3.4765e-06	
-1.19846e-05	
-3.18963e-06	
7.25847e-06	
6.42037e-06	
2.05184e-06	
1.65567e-07	
1.72969e-06	
1.51538e-06	
3.49748e-06	
4.95947e-06	
-4.37852e-06	
-8.49107e-06	
-4.86908e-06	
-4.0516e-06	
-4.06434e-06	
-2.26757e-06	
-9.80092e-07	
-9.65947e-07	
-1.76451e-06	
-8.10004e-07	
1.53288e-07	
4.16695e-07	
-1.88002e-07	
-6.70107e-07	
7.6066e-07	
1.80914e-06	
-9.26781e-07	
-2.7025e-06	
-8.04178e-07	
-1.71776e-06	
-4.7504e-06	
1.67704e-07	
2.87854e-06	
-2.40615e-08	
-3.72608e-06	
-3.03181e-06	
-1.92492e-08	
1.68013e-06	
2.66897e-06	
1.41019e-06	
-2.22532e-06	
-1.87429e-06	
-6.05136e-07	
-4.986e-06	
-5.76832e-06	
5.97711e-06	
5.28232e-06	
-5.1023e-06	
-1.27143e-06	
5.25368e-06	
3.55854e-06	
1.16011e-06	
2.036e-08	
-2.42471e-06	
-3.38656e-06	
-4.60507e-07	
1.95346e-06	
-4.45495e-07	
-9.49979e-06	
-8.71644e-06	
2.5258e-06	
5.98653e-06	
4.45037e-06	
4.86036e-06	
2.75716e-06	
1.23666e-07	
-1.59543e-06	
-1.62949e-06	
-2.52484e-07	
7.17179e-07	
4.86368e-07	
5.9239e-07	
3.04202e-07	
1.41838e-08	
2.69814e-07	
7.50984e-07	
9.59981e-07	
7.06833e-07	
-7.73682e-07	
-1.00778e-06	
1.96498e-07	
7.41247e-07	
8.18465e-08	
-9.76671e-08	
7.48039e-07	
5.7028e-07	
-5.87949e-07	
-7.18266e-07	
5.60922e-08	
2.85847e-07	
-5.26249e-07	
-8.97474e-07	
-3.2938e-07	
3.01374e-07	
3.6218e-07	
1.30847e-07	
1.65237e-08	
3.34773e-08	
-5.52477e-08	
-5.03813e-08	
2.68295e-08	
-1.49239e-08	
-3.91152e-08	
1.24449e-07	
1.21772e-07	
-3.71139e-09	
-3.93692e-08	
-2.39319e-08	
-1.59e-08	
-7.70173e-09	
-1.90203e-09	
3.94586e-11	
