5.65937e-15	
1.28889e-11	
7.60503e-09	
3.0283e-07	
2.29115e-06	
-1.67873e-05	
4.01083e-05	
-5.49046e-05	
5.80031e-05	
-5.82515e-05	
5.88255e-05	
-5.94028e-05	
5.99932e-05	
-6.05953e-05	
6.12114e-05	
-6.18398e-05	
6.24831e-05	
-6.31397e-05	
6.38122e-05	
-6.44989e-05	
6.52024e-05	
-6.59213e-05	
6.66582e-05	
-6.74115e-05	
6.81841e-05	
-6.89744e-05	
6.97852e-05	
-7.06152e-05	
7.14672e-05	
-7.23398e-05	
7.3236e-05	
-7.41546e-05	
7.50984e-05	
-7.60663e-05	
7.70615e-05	
-7.80828e-05	
7.91333e-05	
-8.02121e-05	
8.13223e-05	
-8.24632e-05	
8.3638e-05	
-8.48459e-05	
8.60903e-05	
-8.73706e-05	
8.86902e-05	
-9.00485e-05	
9.14491e-05	
-9.28914e-05	
9.43789e-05	
-9.59112e-05	
9.74918e-05	
-9.912e-05	
0.000100799	
-0.000102529	
0.000104312	
-0.000106147	
0.000108036	
-0.000109978	
0.000111974	
-0.000114019	
0.000116114	
-0.000118253	
0.00012043	
-0.000122635	
0.000124858	
-0.00012708	
0.00012928	
-0.000131424	
0.000133472	
-0.000135364	
0.000137023	
-0.000138338	
0.000139163	
-0.000139285	
0.000138413	
-0.000136123	
0.000131801	
-0.000124532	
0.000112929	
-9.48148e-05	
6.66627e-05	
-2.25045e-05	
-4.83018e-05	
0.000166082	
-0.000373291	
0.000771038	
-0.00147627	
0.00896629	
0.017858	
-0.144192	
0.216602	
-0.0984486	
-0.00943221	
0.0120597	
-0.00277221	
0.00263332	
-0.00175147	
0.0014102	
-0.00111888	
0.000940734	
-0.000795449	
0.000693195	
-0.000606742	
0.000542186	
-0.000485248	
0.000441439	
-0.000401326	
0.000369931	
-0.000340265	
0.000316799	
-0.000294034	
0.000275901	
-0.000257917	
0.000243523	
-0.000228977	
0.000217295	
-0.0002053	
0.000195641	
-0.000185585	
0.000177472	
-0.000168924	
0.000162016	
-0.000154661	
0.00014871	
-0.000142314	
0.000137133	
-0.00013152	
0.000126968	
-0.000122	
0.000117967	
-0.000113539	
0.000109939	
-0.000105964	
0.00010273	
-9.91396e-05	
9.62154e-05	
-9.29551e-05	
9.02964e-05	
-8.73202e-05	
8.48902e-05	
-8.21602e-05	
7.99284e-05	
-7.74132e-05	
7.53541e-05	
-7.30269e-05	
7.1119e-05	
-6.89575e-05	
6.71824e-05	
-6.51673e-05	
6.35095e-05	
-6.16241e-05	
6.00702e-05	
-5.83003e-05	
5.68386e-05	
-5.51718e-05	
5.37922e-05	
-5.22175e-05	
5.09111e-05	
-4.94189e-05	
4.81779e-05	
-4.67597e-05	
4.55772e-05	
-4.42256e-05	
4.30953e-05	
-4.18035e-05	
4.07199e-05	
-3.94818e-05	
3.844e-05	
-3.72502e-05	
3.62456e-05	
-3.50991e-05	
3.41275e-05	
-3.30198e-05	
3.20776e-05	
-3.10044e-05	
3.0088e-05	
-2.90456e-05	
2.81517e-05	
-2.71364e-05	
2.6262e-05	
-2.52705e-05	
2.44127e-05	
-2.34418e-05	
2.25978e-05	
-2.16445e-05	
2.08118e-05	
-1.98731e-05	
1.90491e-05	
-1.81223e-05	
1.73045e-05	
-1.63869e-05	
1.55728e-05	
-1.46617e-05	
1.38489e-05	
-1.29416e-05	
1.21277e-05	
-1.12215e-05	
1.04041e-05	
-9.49636e-06	
8.67282e-06	
-7.76087e-06	
6.92865e-06	
-6.00967e-06	
5.16611e-06	
-4.23722e-06	
3.37956e-06	
-2.4378e-06	
1.56313e-06	
-6.05399e-07	
-2.89301e-07	
1.26622e-06	
-2.18412e-06	
3.1836e-06	
-4.12803e-06	
5.15356e-06	
-6.12795e-06	
7.18313e-06	
-8.19103e-06	
9.27952e-06	
-1.03245e-05	
1.14499e-05	
-1.25353e-05	
1.3701e-05	
-1.483e-05	
1.60388e-05	
-1.72137e-05	
1.84673e-05	
-1.96888e-05	
2.09871e-05	
-2.22535e-05	
2.35927e-05	
-2.48976e-05	
2.62681e-05	
-2.75971e-05	
2.89785e-05	
-3.03034e-05	
3.16569e-05	
-3.29247e-05	
3.41781e-05	
-3.52906e-05	
3.63103e-05	
-3.70847e-05	
3.7619e-05	
-3.77055e-05	
3.72637e-05	
-3.59647e-05	
3.35398e-05	
-2.93742e-05	
2.27393e-05	
-1.2269e-05	
-4.05735e-06	
2.99214e-05	
-7.17674e-05	
0.000142375	
-0.00026887	
0.000520304	
-0.000898565	
0.00623264	
0.00133538	
-0.0471902	
0.0562072	
-0.000835753	
-0.015813	
0.0019328	
-0.00106422	
0.00135927	
-0.000745455	
0.000719991	
-0.000538052	
0.000487312	
-0.000403978	
0.000368682	
-0.000319415	
0.000296285	
-0.00026312	
0.000247535	
-0.000223511	
0.000212578	
-0.00019433	
0.000186362	
-0.000172024	
0.000166017	
-0.000154455	
0.000149795	
-0.000140276	
0.00013657	
-0.000128598	
0.000125588	
-0.000118815	
0.000116325	
-0.000110498	
0.000108405	
-0.000103339	
0.000101555	
-9.71084e-05	
9.55692e-05	
-9.16338e-05	
9.02909e-05	
-8.67821e-05	
8.5599e-05	
-8.24496e-05	
8.13979e-05	
-7.85543e-05	
7.76119e-05	
-7.50302e-05	
7.41795e-05	
-7.18239e-05	
7.1051e-05	
-6.88919e-05	
6.81852e-05	
-6.61979e-05	
6.55482e-05	
-6.37118e-05	
6.31113e-05	
-6.14083e-05	
6.08506e-05	
-5.92659e-05	
5.87455e-05	
-5.72663e-05	
5.67788e-05	
-5.53939e-05	
5.49352e-05	
-5.36351e-05	
5.32019e-05	
-5.19781e-05	
5.15676e-05	
-5.04127e-05	
5.00223e-05	
-4.89299e-05	
4.85573e-05	
-4.75217e-05	
4.71651e-05	
-4.61811e-05	
4.58387e-05	
-4.49017e-05	
4.45721e-05	
-4.36781e-05	
4.33598e-05	
-4.25052e-05	
4.21969e-05	
-4.13783e-05	
4.1079e-05	
-4.02935e-05	
4.00021e-05	
-3.92468e-05	
3.89624e-05	
-3.8235e-05	
3.79566e-05	
-3.72547e-05	
3.69815e-05	
-3.6303e-05	
3.60343e-05	
-3.53772e-05	
3.51122e-05	
-3.44747e-05	
3.42127e-05	
-3.35931e-05	
3.33334e-05	
-3.27301e-05	
3.24721e-05	
-3.18835e-05	
3.16264e-05	
-3.10511e-05	
3.07943e-05	
-3.02309e-05	
2.99737e-05	
-2.94209e-05	
2.91626e-05	
-2.86191e-05	
2.8359e-05	
-2.78234e-05	
2.75609e-05	
-2.7032e-05	
2.67663e-05	
-2.62428e-05	
2.59731e-05	
-2.54539e-05	
2.51793e-05	
-2.4663e-05	
2.43828e-05	
-2.38681e-05	
2.35813e-05	
-2.30671e-05	
2.27728e-05	
-2.22576e-05	
2.19549e-05	
-2.14375e-05	
2.11254e-05	
-2.06043e-05	
2.02818e-05	
-1.9756e-05	
1.9422e-05	
-1.88902e-05	
1.85441e-05	
-1.80053e-05	
1.76464e-05	
-1.70999e-05	
1.67281e-05	
-1.6174e-05	
1.57899e-05	
-1.52293e-05	
1.48351e-05	
-1.42708e-05	
1.38709e-05	
-1.33092e-05	
1.29125e-05	
-1.23652e-05	
1.19882e-05	
-1.14776e-05	
1.11507e-05	
-1.07181e-05	
1.04981e-05	
-1.02217e-05	
1.02176e-05	
-1.02508e-05	
1.06815e-05	
-1.13412e-05	
1.26751e-05	
-1.46688e-05	
1.80049e-05	
-2.30963e-05	
3.13808e-05	
-4.47429e-05	
6.76543e-05	
-0.000108937	
0.000195526	
-0.000203867	
0.00312217	
-0.000546632	
-0.0172505	
0.0132546	
0.00907803	
-0.00430436	
-0.00145534	
-0.000821719	
0.000264544	
-0.000190315	
0.000226808	
-0.000139088	
0.000160704	
-0.000114772	
0.000125334	
-9.70318e-05	
0.00010419	
-8.42293e-05	
9.00225e-05	
-7.48571e-05	
7.9807e-05	
-6.77919e-05	
7.20783e-05	
-6.23e-05	
6.60265e-05	
-5.79117e-05	
6.11606e-05	
-5.43213e-05	
5.71634e-05	
-5.13243e-05	
5.38206e-05	
-4.87797e-05	
5.09821e-05	
-4.65878e-05	
4.85398e-05	
-4.46759e-05	
4.64139e-05	
-4.29901e-05	
4.45445e-05	
-4.14895e-05	
4.28857e-05	
-4.01426e-05	
4.14017e-05	
-3.89247e-05	
4.00644e-05	
-3.7816e-05	
3.88514e-05	
-3.68007e-05	
3.77445e-05	
-3.58659e-05	
3.67289e-05	
-3.50011e-05	
3.57924e-05	
-3.41973e-05	
3.49249e-05	
-3.34473e-05	
3.4118e-05	
-3.27448e-05	
3.33644e-05	
-3.20844e-05	
3.26582e-05	
-3.14617e-05	
3.19941e-05	
-3.08727e-05	
3.13676e-05	
-3.03141e-05	
3.07749e-05	
-2.97829e-05	
3.02127e-05	
-2.92765e-05	
2.9678e-05	
-2.87926e-05	
2.91681e-05	
-2.83293e-05	
2.86809e-05	
-2.78846e-05	
2.82144e-05	
-2.74571e-05	
2.77666e-05	
-2.70453e-05	
2.7336e-05	
-2.66478e-05	
2.69212e-05	
-2.62636e-05	
2.65208e-05	
-2.58915e-05	
2.61336e-05	
-2.55305e-05	
2.57586e-05	
-2.51798e-05	
2.53947e-05	
-2.48386e-05	
2.50411e-05	
-2.4506e-05	
2.46969e-05	
-2.41813e-05	
2.43613e-05	
-2.3864e-05	
2.40335e-05	
-2.35532e-05	
2.37129e-05	
-2.32485e-05	
2.33989e-05	
-2.29493e-05	
2.30907e-05	
-2.2655e-05	
2.27879e-05	
-2.2365e-05	
2.24897e-05	
-2.20789e-05	
2.21957e-05	
-2.17961e-05	
2.19053e-05	
-2.15161e-05	
2.16179e-05	
-2.12384e-05	
2.13331e-05	
-2.09625e-05	
2.10502e-05	
-2.06879e-05	
2.07686e-05	
-2.04141e-05	
2.0488e-05	
-2.01404e-05	
2.02076e-05	
-1.98664e-05	
1.99269e-05	
-1.95915e-05	
1.96453e-05	
-1.93151e-05	
1.93622e-05	
-1.90367e-05	
1.90771e-05	
-1.87556e-05	
1.87893e-05	
-1.84715e-05	
1.84985e-05	
-1.81838e-05	
1.82041e-05	
-1.78923e-05	
1.7906e-05	
-1.75969e-05	
1.76045e-05	
-1.72981e-05	
1.73003e-05	
-1.69974e-05	
1.69954e-05	
-1.66974e-05	
1.66937e-05	
-1.64035e-05	
1.64026e-05	
-1.61259e-05	
1.61357e-05	
-1.5883e-05	
1.59183e-05	
-1.57099e-05	
1.57993e-05	
-1.5675e-05	
1.58758e-05	
-1.59185e-05	
1.63539e-05	
-1.67501e-05	
1.77107e-05	
-1.89281e-05	
2.11971e-05	
-2.46111e-05	
3.07541e-05	
-4.14505e-05	
6.83042e-05	
3.60858e-05	
0.00147299	
-0.00036051	
-0.00688786	
0.00201216	
0.00565868	
0.000680112	
-0.000660457	
-0.0006207	
-0.000131371	
-0.000111945	
5.48487e-05	
-3.33809e-05	
6.11286e-05	
-2.53037e-05	
5.20934e-05	
-2.41653e-05	
4.49822e-05	
-2.35828e-05	
3.99741e-05	
-2.30767e-05	
3.63178e-05	
-2.26304e-05	
3.35368e-05	
-2.22365e-05	
3.13535e-05	
-2.18834e-05	
2.95968e-05	
-2.1561e-05	
2.81551e-05	
-2.12621e-05	
2.69518e-05	
-2.09822e-05	
2.59328e-05	
-2.0718e-05	
2.50584e-05	
-2.04674e-05	
2.42993e-05	
-2.02289e-05	
2.36335e-05	
-2.00011e-05	
2.30437e-05	
-1.97832e-05	
2.25169e-05	
-1.95743e-05	
2.20425e-05	
-1.93737e-05	
2.16123e-05	
-1.91807e-05	
2.12196e-05	
-1.89948e-05	
2.08589e-05	
-1.88153e-05	
2.05258e-05	
-1.8642e-05	
2.02167e-05	
-1.84743e-05	
1.99285e-05	
-1.83118e-05	
1.96586e-05	
-1.81542e-05	
1.94049e-05	
-1.80011e-05	
1.91655e-05	
-1.78524e-05	
1.89389e-05	
-1.77076e-05	
1.87237e-05	
-1.75665e-05	
1.85188e-05	
-1.74289e-05	
1.83231e-05	
-1.72946e-05	
1.81358e-05	
-1.71634e-05	
1.7956e-05	
-1.7035e-05	
1.77832e-05	
-1.69094e-05	
1.76166e-05	
-1.67863e-05	
1.74559e-05	
-1.66657e-05	
1.73004e-05	
-1.65473e-05	
1.71497e-05	
-1.6431e-05	
1.70035e-05	
-1.63167e-05	
1.68615e-05	
-1.62043e-05	
1.67232e-05	
-1.60936e-05	
1.65885e-05	
-1.59846e-05	
1.6457e-05	
-1.58772e-05	
1.63284e-05	
-1.57711e-05	
1.62027e-05	
-1.56665e-05	
1.60795e-05	
-1.55631e-05	
1.59587e-05	
-1.54608e-05	
1.584e-05	
-1.53596e-05	
1.57234e-05	
-1.52594e-05	
1.56085e-05	
-1.51601e-05	
1.54954e-05	
-1.50615e-05	
1.53837e-05	
-1.49636e-05	
1.52734e-05	
-1.48663e-05	
1.51644e-05	
-1.47695e-05	
1.50563e-05	
-1.46731e-05	
1.49492e-05	
-1.4577e-05	
1.48429e-05	
-1.44811e-05	
1.47372e-05	
-1.43852e-05	
1.4632e-05	
-1.42892e-05	
1.45271e-05	
-1.41931e-05	
1.44224e-05	
-1.40967e-05	
1.43177e-05	
-1.4e-05	
1.4213e-05	
-1.39027e-05	
1.4108e-05	
-1.38048e-05	
1.40028e-05	
-1.37062e-05	
1.38972e-05	
-1.3607e-05	
1.37912e-05	
-1.35074e-05	
1.36852e-05	
-1.34075e-05	
1.35796e-05	
-1.33082e-05	
1.34752e-05	
-1.32106e-05	
1.33739e-05	
-1.31172e-05	
1.32788e-05	
-1.30324e-05	
1.31959e-05	
-1.29644e-05	
1.31369e-05	
-1.29296e-05	
1.31248e-05	
-1.29613e-05	
1.32088e-05	
-1.31335e-05	
1.35027e-05	
-1.36269e-05	
1.43037e-05	
-1.49501e-05	
1.65251e-05	
-1.87107e-05	
2.92757e-05	
7.5765e-05	
0.00070488	
-0.00011651	
-0.00291974	
-0.000563894	
0.00244086	
0.00154083	
0.000316036	
-0.000170367	
-0.000121316	
-9.13769e-05	
9.66943e-07	
-1.3909e-05	
3.29161e-05	
-5.38279e-07	
3.41335e-05	
-9.92646e-07	
3.07152e-05	
-3.16707e-06	
2.74414e-05	
-5.08764e-06	
2.48503e-05	
-6.57646e-06	
2.28391e-05	
-7.71233e-06	
2.12612e-05	
-8.58349e-06	
2.00036e-05	
-9.25731e-06	
1.89858e-05	
-9.78259e-06	
1.815e-05	
-1.01947e-05	
1.74547e-05	
-1.05196e-05	
1.68691e-05	
-1.07766e-05	
1.63702e-05	
-1.09802e-05	
1.59408e-05	
-1.11414e-05	
1.55674e-05	
-1.12686e-05	
1.52399e-05	
-1.13685e-05	
1.495e-05	
-1.14462e-05	
1.46914e-05	
-1.15056e-05	
1.44591e-05	
-1.15501e-05	
1.42489e-05	
-1.15821e-05	
1.40574e-05	
-1.16038e-05	
1.38821e-05	
-1.16168e-05	
1.37205e-05	
-1.16226e-05	
1.35709e-05	
-1.16222e-05	
1.34317e-05	
-1.16166e-05	
1.33016e-05	
-1.16066e-05	
1.31795e-05	
-1.15928e-05	
1.30644e-05	
-1.15757e-05	
1.29557e-05	
-1.15559e-05	
1.28525e-05	
-1.15337e-05	
1.27543e-05	
-1.15094e-05	
1.26606e-05	
-1.14834e-05	
1.25709e-05	
-1.14558e-05	
1.24849e-05	
-1.14269e-05	
1.24022e-05	
-1.13968e-05	
1.23225e-05	
-1.13657e-05	
1.22455e-05	
-1.13338e-05	
1.21711e-05	
-1.13011e-05	
1.20989e-05	
-1.12678e-05	
1.20289e-05	
-1.12339e-05	
1.19608e-05	
-1.11995e-05	
1.18945e-05	
-1.11646e-05	
1.18299e-05	
-1.11294e-05	
1.17668e-05	
-1.10939e-05	
1.17051e-05	
-1.10581e-05	
1.16448e-05	
-1.1022e-05	
1.15856e-05	
-1.09858e-05	
1.15276e-05	
-1.09493e-05	
1.14707e-05	
-1.09127e-05	
1.14147e-05	
-1.08759e-05	
1.13597e-05	
-1.08389e-05	
1.13055e-05	
-1.08019e-05	
1.1252e-05	
-1.07647e-05	
1.11994e-05	
-1.07273e-05	
1.11473e-05	
-1.06899e-05	
1.10959e-05	
-1.06523e-05	
1.1045e-05	
-1.06146e-05	
1.09947e-05	
-1.05768e-05	
1.09448e-05	
-1.05388e-05	
1.08953e-05	
-1.05007e-05	
1.08462e-05	
-1.04624e-05	
1.07968e-05	
-1.04182e-05	
1.07325e-05	
-1.03542e-05	
1.06478e-05	
-1.02701e-05	
1.05431e-05	
-1.01664e-05	
1.04188e-05	
-1.00435e-05	
1.02755e-05	
-9.90214e-06	
1.01141e-05	
-9.74303e-06	
9.93534e-06	
-9.56714e-06	
9.74036e-06	
-9.37571e-06	
9.53062e-06	
-9.17041e-06	
9.30811e-06	
-8.95364e-06	
9.07587e-06	
-8.72927e-06	
8.83898e-06	
-8.50409e-06	
8.60694e-06	
-8.29167e-06	
8.39983e-06	
-8.12275e-06	
8.26639e-06	
-8.07742e-06	
8.34395e-06	
-8.2717e-06	
1.28943e-05	
4.36392e-05	
0.00024902	
-1.00844e-06	
-0.000869424	
-0.000573582	
0.000492436	
0.000707188	
0.00040552	
0.000117843	
2.29461e-05	
-1.22038e-05	
4.88999e-06	
-7.44899e-07	
1.48462e-05	
4.92323e-06	
1.56345e-05	
4.49568e-06	
1.3482e-05	
2.90113e-06	
1.11578e-05	
1.49771e-06	
9.22089e-06	
4.74064e-07	
7.67808e-06	
-2.25954e-07	
6.44606e-06	
-6.83833e-07	
5.44751e-06	
-9.66134e-07	
4.62422e-06	
-1.12207e-06	
3.93429e-06	
-1.18738e-06	
3.34778e-06	
-1.18809e-06	
2.84319e-06	
-1.14335e-06	
2.40495e-06	
-1.06745e-06	
2.02168e-06	
-9.71174e-07	
1.68503e-06	
-8.62742e-07	
1.38877e-06	
-7.48517e-07	
1.12827e-06	
-6.33458e-07	
9.00018e-07	
-5.21472e-07	
7.01349e-07	
-4.1565e-07	
5.30208e-07	
-3.18455e-07	
3.8499e-07	
-2.3185e-07	
2.64419e-07	
-1.57399e-07	
1.67461e-07	
-9.63357e-08	
9.32495e-08	
-4.96256e-08	
4.10381e-08	
-1.80043e-08	
1.01606e-08	
-2.01269e-09	
