3.07205e-15	
6.99645e-12	
4.12828e-09	
1.64432e-07	
1.24565e-06	
-9.09615e-06	
2.16819e-05	
-2.96384e-05	
3.12993e-05	
-3.14317e-05	
3.17392e-05	
-3.20467e-05	
3.23617e-05	
-3.26811e-05	
3.30082e-05	
-3.33401e-05	
3.368e-05	
-3.40251e-05	
3.43784e-05	
-3.47373e-05	
3.51048e-05	
-3.54781e-05	
3.58605e-05	
-3.62492e-05	
3.66472e-05	
-3.70518e-05	
3.74662e-05	
-3.78876e-05	
3.83191e-05	
-3.8758e-05	
3.92074e-05	
-3.96646e-05	
4.01326e-05	
-4.06086e-05	
4.10958e-05	
-4.15914e-05	
4.20984e-05	
-4.26138e-05	
4.31409e-05	
-4.36765e-05	
4.42237e-05	
-4.47793e-05	
4.53463e-05	
-4.59213e-05	
4.6507e-05	
-4.71001e-05	
4.77029e-05	
-4.83116e-05	
4.89283e-05	
-4.95488e-05	
5.01746e-05	
-5.08008e-05	
5.14282e-05	
-5.20509e-05	
5.26686e-05	
-5.32739e-05	
5.38649e-05	
-5.4432e-05	
5.49707e-05	
-5.54685e-05	
5.59166e-05	
-5.62976e-05	
5.65966e-05	
-5.67886e-05	
5.68486e-05	
-5.67389e-05	
5.64185e-05	
-5.58283e-05	
5.48998e-05	
-5.35373e-05	
5.16232e-05	
-4.89953e-05	
4.5445e-05	
-4.06829e-05	
3.432e-05	
-2.58069e-05	
1.43697e-05	
1.1228e-06	
-2.23504e-05	
5.19031e-05	
-9.39034e-05	
0.000155231	
-0.000247996	
0.00039509	
-0.000643956	
0.00110744	
-0.00192071	
0.00943854	
0.00951474	
-0.107359	
0.155995	
-0.0571673	
-0.016751	
0.00940445	
-0.00204198	
0.00226622	
-0.00140366	
0.00115637	
-0.000895756	
0.000754624	
-0.000629563	
0.000548098	
-0.000474948	
0.000424107	
-0.000376415	
0.000342459	
-0.00030911	
0.00028518	
-0.000260674	
0.000243078	
-0.000224383	
0.000210996	
-0.000196308	
0.000185837	
-0.000174021	
0.00016564	
-0.000155947	
0.000149108	
-0.000141023	
0.00013535	
-0.000128512	
0.000123739	
-0.000117885	
0.000113819	
-0.000108754	
0.000105254	
-0.000100831	
9.77875e-05	
-9.38934e-05	
9.12253e-05	
-8.77713e-05	
8.54141e-05	
-8.23303e-05	
8.02334e-05	
-7.74634e-05	
7.55864e-05	
-7.30849e-05	
7.13951e-05	
-6.91246e-05	
6.75954e-05	
-6.55253e-05	
6.41347e-05	
-6.22393e-05	
6.09691e-05	
-5.92269e-05	
5.80618e-05	
-5.64547e-05	
5.53818e-05	
-5.38942e-05	
5.29028e-05	
-5.15214e-05	
5.0602e-05	
-4.93156e-05	
4.84603e-05	
-4.72588e-05	
4.64606e-05	
-4.53355e-05	
4.45885e-05	
-4.35322e-05	
4.28311e-05	
-4.18371e-05	
4.11773e-05	
-4.02397e-05	
3.96173e-05	
-3.87309e-05	
3.81422e-05	
-3.73024e-05	
3.67443e-05	
-3.59471e-05	
3.54166e-05	
-3.46583e-05	
3.41531e-05	
-3.34303e-05	
3.2948e-05	
-3.22578e-05	
3.17963e-05	
-3.1136e-05	
3.06934e-05	
-3.00606e-05	
2.96353e-05	
-2.90277e-05	
2.86181e-05	
-2.80336e-05	
2.76383e-05	
-2.70751e-05	
2.66928e-05	
-2.61491e-05	
2.57785e-05	
-2.52528e-05	
2.48929e-05	
-2.43837e-05	
2.40334e-05	
-2.35392e-05	
2.31975e-05	
-2.27171e-05	
2.23832e-05	
-2.19155e-05	
2.15884e-05	
-2.11322e-05	
2.08112e-05	
-2.03655e-05	
2.00499e-05	
-1.96136e-05	
1.93028e-05	
-1.88751e-05	
1.85683e-05	
-1.81486e-05	
1.78453e-05	
-1.74327e-05	
1.71325e-05	
-1.67264e-05	
1.6429e-05	
-1.6029e-05	
1.57341e-05	
-1.534e-05	
1.50476e-05	
-1.46592e-05	
1.43696e-05	
-1.39872e-05	
1.3701e-05	
-1.33253e-05	
1.30437e-05	
-1.26761e-05	
1.24009e-05	
-1.20436e-05	
1.17778e-05	
-1.14345e-05	
1.11826e-05	
-1.08588e-05	
1.06279e-05	
-1.03322e-05	
1.01332e-05	
-9.87889e-06	
9.72831e-06	
-9.5362e-06	
9.46027e-06	
-9.36327e-06	
9.4039e-06	
-9.45547e-06	
9.68166e-06	
-9.97137e-06	
1.05007e-05	
-1.11844e-05	
1.22263e-05	
-1.35893e-05	
1.55386e-05	
-1.81372e-05	
2.17948e-05	
-2.68102e-05	
3.39691e-05	
-4.42171e-05	
5.9486e-05	
-8.29036e-05	
0.000120862	
-0.000186565	
0.000316676	
-0.000402464	
0.00396212	
-0.000923369	
-0.0218063	
0.019966	
0.00844439	
-0.00654377	
-0.00128089	
-0.000746869	
0.000406086	
-0.000210067	
0.000261626	
-0.000158926	
0.000173906	
-0.00012556	
0.000130606	
-0.000101884	
0.000105254	
-8.54111e-05	
8.85171e-05	
-7.36652e-05	
7.66224e-05	
-6.49914e-05	
6.77464e-05	
-5.83673e-05	
6.08839e-05	
-5.31584e-05	
5.54303e-05	
-4.89594e-05	
5.09986e-05	
-4.55029e-05	
4.73295e-05	
-4.26067e-05	
4.42434e-05	
-4.01428e-05	
4.16117e-05	
-3.80192e-05	
3.93407e-05	
-3.6168e-05	
3.73602e-05	
-3.4538e-05	
3.56168e-05	
-3.30902e-05	
3.40694e-05	
-3.17941e-05	
3.26856e-05	
-3.06257e-05	
3.14397e-05	
-2.95658e-05	
3.03112e-05	
-2.85989e-05	
2.92832e-05	
-2.77122e-05	
2.83422e-05	
-2.68954e-05	
2.74767e-05	
-2.61396e-05	
2.66772e-05	
-2.54376e-05	
2.59359e-05	
-2.47832e-05	
2.5246e-05	
-2.41711e-05	
2.46018e-05	
-2.35969e-05	
2.39983e-05	
-2.30565e-05	
2.34314e-05	
-2.25467e-05	
2.28974e-05	
-2.20646e-05	
2.23931e-05	
-2.16075e-05	
2.19157e-05	
-2.11732e-05	
2.14628e-05	
-2.07598e-05	
2.10321e-05	
-2.03654e-05	
2.06219e-05	
-1.99885e-05	
2.02303e-05	
-1.96277e-05	
1.98559e-05	
-1.92817e-05	
1.94972e-05	
-1.89494e-05	
1.91532e-05	
-1.86297e-05	
1.88226e-05	
-1.83218e-05	
1.85044e-05	
-1.80247e-05	
1.81978e-05	
-1.77378e-05	
1.79019e-05	
-1.74603e-05	
1.7616e-05	
-1.71915e-05	
1.73393e-05	
-1.69309e-05	
1.70713e-05	
-1.66779e-05	
1.68112e-05	
-1.6432e-05	
1.65587e-05	
-1.61927e-05	
1.63132e-05	
-1.59597e-05	
1.60742e-05	
-1.57324e-05	
1.58412e-05	
-1.55105e-05	
1.5614e-05	
-1.52937e-05	
1.5392e-05	
-1.50815e-05	
1.5175e-05	
-1.48738e-05	
1.49627e-05	
-1.46702e-05	
1.47547e-05	
-1.44705e-05	
1.45507e-05	
-1.42745e-05	
1.43507e-05	
-1.40819e-05	
1.41543e-05	
-1.38927e-05	
1.39615e-05	
-1.37067e-05	
1.37721e-05	
-1.3524e-05	
1.35863e-05	
-1.33446e-05	
1.34042e-05	
-1.31688e-05	
1.3226e-05	
-1.29971e-05	
1.30525e-05	
-1.28303e-05	
1.28845e-05	
-1.26695e-05	
1.27237e-05	
-1.25168e-05	
1.25724e-05	
-1.23751e-05	
1.24344e-05	
-1.22493e-05	
1.23157e-05	
-1.21467e-05	
1.22258e-05	
-1.20799e-05	
1.21807e-05	
-1.20692e-05	
1.22072e-05	
-1.21505e-05	
1.23533e-05	
-1.23889e-05	
1.27088e-05	
-1.29106e-05	
1.34551e-05	
-1.39817e-05	
1.49928e-05	
-1.62259e-05	
1.833e-05	
-2.13478e-05	
2.65115e-05	
-3.50675e-05	
5.76463e-05	
6.12086e-05	
0.00126566	
-0.000439743	
-0.00555008	
0.00119469	
0.00465479	
0.00106755	
-0.000393347	
-0.000502181	
-0.000160369	
-9.81192e-05	
2.60333e-05	
-1.65618e-05	
4.24889e-05	
-8.28401e-06	
3.72478e-05	
-8.5915e-06	
3.18587e-05	
-9.41932e-06	
2.78895e-05	
-1.00389e-05	
2.49702e-05	
-1.04721e-05	
2.27551e-05	
-1.07751e-05	
2.10255e-05	
-1.09852e-05	
1.96435e-05	
-1.11269e-05	
1.8518e-05	
-1.12171e-05	
1.75862e-05	
-1.12682e-05	
1.68036e-05	
-1.12895e-05	
1.61377e-05	
-1.12881e-05	
1.55643e-05	
-1.12693e-05	
1.50654e-05	
-1.12371e-05	
1.4627e-05	
-1.11947e-05	
1.42383e-05	
-1.11445e-05	
1.38908e-05	
-1.10884e-05	
1.35778e-05	
-1.10278e-05	
1.32939e-05	
-1.09638e-05	
1.30348e-05	
-1.08974e-05	
1.27969e-05	
-1.08293e-05	
1.25773e-05	
-1.07599e-05	
1.23736e-05	
-1.06898e-05	
1.21838e-05	
-1.06192e-05	
1.20063e-05	
-1.05485e-05	
1.18395e-05	
-1.04778e-05	
1.16823e-05	
-1.04073e-05	
1.15336e-05	
-1.03372e-05	
1.13926e-05	
-1.02675e-05	
1.12584e-05	
-1.01984e-05	
1.11305e-05	
-1.01298e-05	
1.10082e-05	
-1.00619e-05	
1.0891e-05	
-9.99474e-06	
1.07785e-05	
-9.92823e-06	
1.06704e-05	
-9.86245e-06	
1.05661e-05	
-9.7974e-06	
1.04655e-05	
-9.73309e-06	
1.03682e-05	
-9.66952e-06	
1.0274e-05	
-9.60669e-06	
1.01828e-05	
-9.54459e-06	
1.00942e-05	
-9.48322e-06	
1.00081e-05	
-9.42255e-06	
9.92431e-06	
-9.3626e-06	
9.84274e-06	
-9.30333e-06	
9.76321e-06	
-9.24474e-06	
9.68561e-06	
-9.18682e-06	
9.60982e-06	
-9.12954e-06	
9.53573e-06	
-9.0729e-06	
9.46325e-06	
-9.01688e-06	
9.39229e-06	
-8.96146e-06	
9.32276e-06	
-8.90662e-06	
9.2546e-06	
-8.85236e-06	
9.18772e-06	
-8.79866e-06	
9.12206e-06	
-8.74549e-06	
9.05757e-06	
-8.69286e-06	
8.99418e-06	
-8.64075e-06	
8.93186e-06	
-8.58915e-06	
8.87055e-06	
-8.53805e-06	
8.81023e-06	
-8.48746e-06	
8.75086e-06	
-8.43738e-06	
8.69242e-06	
-8.38784e-06	
8.63493e-06	
-8.33885e-06	
8.57839e-06	
-8.29049e-06	
8.52286e-06	
-8.24283e-06	
8.46842e-06	
-8.19601e-06	
8.41522e-06	
-8.15024e-06	
8.36351e-06	
-8.10585e-06	
8.31368e-06	
-8.06335e-06	
8.26635e-06	
-8.02354e-06	
8.22254e-06	
-7.98777e-06	
8.18396e-06	
-7.95823e-06	
8.15349e-06	
-7.93881e-06	
8.13634e-06	
-7.93659e-06	
8.14228e-06	
-7.96533e-06	
8.19104e-06	
-8.05397e-06	
8.32608e-06	
-8.2697e-06	
8.65458e-06	
-8.78943e-06	
9.48012e-06	
-9.96647e-06	
1.77736e-05	
7.49038e-05	
0.000425729	
-6.93754e-05	
-0.00160722	
-0.000791114	
0.00110223	
0.00124268	
0.000594071	
0.00011533	
-9.84586e-06	
-3.91405e-05	
-1.22339e-07	
-1.80316e-06	
2.47982e-05	
1.06149e-05	
2.81866e-05	
1.03339e-05	
2.56114e-05	
7.55588e-06	
2.24306e-05	
4.87033e-06	
1.973e-05	
2.69557e-06	
1.75861e-05	
9.93748e-07	
1.58966e-05	
-3.36502e-07	
1.45549e-05	
-1.38414e-06	
1.34769e-05	
-2.21696e-06	
1.26001e-05	
-2.88519e-06	
1.18785e-05	
-3.426e-06	
1.1278e-05	
-3.86711e-06	
1.07728e-05	
-4.22945e-06	
1.03438e-05	
-4.52892e-06	
9.97588e-06	
-4.77778e-06	
9.65766e-06	
-4.98554e-06	
9.38014e-06	
-5.15966e-06	
9.13623e-06	
-5.30604e-06	
8.92029e-06	
-5.42939e-06	
8.7278e-06	
-5.53349e-06	
8.55511e-06	
-5.62142e-06	
8.39923e-06	
-5.69565e-06	
8.25772e-06	
-5.75825e-06	
8.12858e-06	
-5.81092e-06	
8.01012e-06	
-5.85505e-06	
7.90094e-06	
-5.89183e-06	
7.79987e-06	
-5.92225e-06	
7.70591e-06	
-5.94714e-06	
7.61822e-06	
-5.96722e-06	
7.53608e-06	
-5.98307e-06	
7.45886e-06	
-5.99523e-06	
7.38605e-06	
-6.00414e-06	
7.31717e-06	
-6.01018e-06	
7.25182e-06	
-6.01368e-06	
7.18967e-06	
-6.01493e-06	
7.1304e-06	
-6.01418e-06	
7.07375e-06	
-6.01166e-06	
7.01948e-06	
-6.00756e-06	
6.96738e-06	
-6.00204e-06	
6.91727e-06	
-5.99526e-06	
6.86898e-06	
-5.98734e-06	
6.82238e-06	
-5.97842e-06	
6.77732e-06	
-5.96858e-06	
6.7337e-06	
-5.95793e-06	
6.6914e-06	
-5.94654e-06	
6.65033e-06	
-5.9345e-06	
6.61041e-06	
-5.92186e-06	
6.57155e-06	
-5.90869e-06	
6.5337e-06	
-5.89504e-06	
6.49678e-06	
-5.88096e-06	
6.46073e-06	
-5.86649e-06	
6.42551e-06	
-5.85168e-06	
6.39106e-06	
-5.83655e-06	
6.35734e-06	
-5.82114e-06	
6.32431e-06	
-5.80548e-06	
6.29194e-06	
-5.7896e-06	
6.26018e-06	
-5.77351e-06	
6.22901e-06	
-5.75725e-06	
6.1984e-06	
-5.74084e-06	
6.16832e-06	
-5.72429e-06	
6.13875e-06	
-5.70763e-06	
6.10967e-06	
-5.69087e-06	
6.08107e-06	
-5.67404e-06	
6.05292e-06	
-5.65715e-06	
6.02523e-06	
-5.64024e-06	
5.998e-06	
-5.62334e-06	
5.97123e-06	
-5.60649e-06	
5.94495e-06	
-5.58974e-06	
5.91921e-06	
-5.57319e-06	
5.8941e-06	
-5.55698e-06	
5.86977e-06	
-5.54133e-06	
5.8465e-06	
-5.52662e-06	
5.82478e-06	
-5.51357e-06	
5.80557e-06	
-5.5035e-06	
5.79076e-06	
-5.49921e-06	
5.78444e-06	
-5.50689e-06	
5.79616e-06	
-5.54136e-06	
5.85288e-06	
-5.42047e-06	
1.06915e-05	
3.99679e-05	
0.000160061	
2.2563e-05	
-0.000486546	
-0.000582268	
7.76428e-06	
0.000472772	
0.000528023	
0.000346713	
0.000195131	
8.99539e-05	
5.95251e-05	
3.29828e-05	
3.86872e-05	
2.52691e-05	
3.43419e-05	
2.13788e-05	
3.01626e-05	
1.71477e-05	
2.59697e-05	
1.32569e-05	
2.23489e-05	
1.00324e-05	
1.94129e-05	
7.45727e-06	
1.70752e-05	
5.41693e-06	
1.52139e-05	
3.79468e-06	
1.37215e-05	
2.49493e-06	
1.25136e-05	
1.44429e-06	
1.15262e-05	
5.87363e-07	
1.07111e-05	
-1.17595e-07	
1.00317e-05	
-7.02231e-07	
9.46042e-06	
-1.19073e-06	
8.97594e-06	
-1.60173e-06	
8.56177e-06	
-1.94973e-06	
8.20502e-06	
-2.24613e-06	
7.89555e-06	
-2.49993e-06	
7.62529e-06	
-2.71831e-06	
7.38776e-06	
-2.90705e-06	
7.17775e-06	
-3.07084e-06	
6.99102e-06	
-3.2135e-06	
6.82409e-06	
-3.33815e-06	
6.6741e-06	
-3.44738e-06	
6.53869e-06	
-3.54336e-06	
6.41587e-06	
-3.62787e-06	
6.30399e-06	
-3.70243e-06	
6.20165e-06	
-3.76831e-06	
6.10767e-06	
-3.8266e-06	
6.02104e-06	
-3.87822e-06	
5.9409e-06	
-3.92396e-06	
5.86652e-06	
-3.9645e-06	
5.79726e-06	
-4.00043e-06	
5.73256e-06	
-4.03226e-06	
5.67194e-06	
-4.06042e-06	
5.615e-06	
-4.08531e-06	
5.56136e-06	
-4.10726e-06	
5.51071e-06	
-4.12657e-06	
5.46276e-06	
-4.1435e-06	
5.41726e-06	
-4.15829e-06	
5.374e-06	
-4.17113e-06	
5.33277e-06	
-4.1822e-06	
5.29341e-06	
-4.19168e-06	
5.25576e-06	
-4.1997e-06	
5.21967e-06	
-4.20639e-06	
5.18503e-06	
-4.21187e-06	
5.15172e-06	
-4.21625e-06	
5.11964e-06	
-4.21961e-06	
5.0887e-06	
-4.22204e-06	
5.05882e-06	
-4.22362e-06	
5.02992e-06	
-4.22442e-06	
5.00193e-06	
-4.2245e-06	
4.9748e-06	
-4.22391e-06	
4.94846e-06	
-4.22271e-06	
4.92287e-06	
-4.22095e-06	
4.89797e-06	
-4.21867e-06	
4.87373e-06	
-4.21591e-06	
4.8501e-06	
-4.2127e-06	
4.82706e-06	
-4.20908e-06	
4.80455e-06	
-4.20508e-06	
4.78257e-06	
-4.20073e-06	
4.76077e-06	
-4.19374e-06	
4.73279e-06	
-4.17854e-06	
4.69611e-06	
-4.15495e-06	
4.6509e-06	
-4.12311e-06	
4.59734e-06	
-4.08317e-06	
4.53565e-06	
-4.03533e-06	
4.46608e-06	
-3.97981e-06	
4.38892e-06	
-3.91686e-06	
4.30448e-06	
-3.84678e-06	
4.2131e-06	
-3.76988e-06	
4.11516e-06	
-3.68652e-06	
4.01107e-06	
-3.5971e-06	
3.9013e-06	
-3.50209e-06	
3.78639e-06	
-3.40206e-06	
3.66705e-06	
-3.29779e-06	
3.54422e-06	
-3.19033e-06	
3.42425e-06	
-2.92916e-06	
5.55449e-06	
1.27829e-05	
4.74738e-05	
2.05862e-05	
-9.6962e-05	
-0.000193051	
-0.000113018	
3.94554e-05	
0.00015006	
0.00016341	
0.000138237	
9.39567e-05	
6.79009e-05	
4.3379e-05	
3.59668e-05	
2.44316e-05	
2.40164e-05	
1.66347e-05	
1.80181e-05	
1.20963e-05	
1.39782e-05	
8.8899e-06	
1.09581e-05	
6.51651e-06	
8.65037e-06	
4.75243e-06	
6.8748e-06	
3.44338e-06	
5.4985e-06	
2.47306e-06	
4.42163e-06	
1.7546e-06	
3.57029e-06	
1.2238e-06	
2.8902e-06	
8.33389e-07	
2.34154e-06	
5.48431e-07	
1.89491e-06	
3.4293e-07	
1.52853e-06	
1.97384e-07	
1.2261e-06	
9.70285e-08	
9.75307e-07	
3.05894e-08	
7.66828e-07	
-1.06188e-08	
5.93507e-07	
-3.33408e-08	
4.49821e-07	
-4.28538e-08	
3.31475e-07	
-4.33147e-08	
2.35097e-07	
-3.80167e-08	
1.58018e-07	
-2.95811e-08	
9.81062e-08	
-2.01008e-08	
5.364e-08	
-1.12498e-08	
2.32125e-08	
-4.36618e-09	
5.65873e-09	
-5.16163e-10	
