0	
0	
0	
0	
0	
0	
0	
0	
0	
0	
0	
0	
0	
0	
0	
0	
0	
0	
0	
0	
0	
0	
0	
0	
0	
0	
0	
0	
0	
0	
0	
0	
0	
0	
0	
0	
0	
0	
0	
0	
0	
0	
0	
0	
0	
0	
0	
0	
0	
0	
0	
0	
0	
0	
0	
0	
0	
0	
0	
0	
0	
0	
0	
0	
0	
0	
0	
0	
0	
0	
0	
0	
0	
0	
0	
0	
0	
0	
0	
0	
0	
0	
0	
0	
-1.0105e-05	
-0.0115119	
-0.243775	
0.547889	
-0.243775	
-0.0115119	
-1.0105e-05	
-2.88813e-10	
-3.05695e-16	
-1.26309e-23	
-2.09322e-32	
-1.41353e-42	
-3.92905e-54	
-4.52616e-67	
-2.17138e-81	
-4.35369e-97	
-3.65818e-114	
-1.29082e-132	
-1.91595e-152	
-1.19783e-173	
-3.1577e-196	
-3.51324e-220	
-1.65093e-245	
-3.27881e-272	
-2.75361e-300	
0	
0	
0	
0	
0	
0	
0	
0	
0	
0	
0	
0	
0	
0	
0	
0	
0	
0	
0	
0	
0	
0	
0	
0	
0	
0	
0	
0	
0	
0	
0	
0	
0	
0	
0	
0	
0	
0	
0	
0	
0	
0	
0	
0	
0	
0	
0	
0	
0	
0	
0	
0	
0	
0	
0	
0	
0	
0	
0	
0	
0	
0	
0	
0	
0	
0	
0	
0	
0	
0	
0	
0	
0	
0	
0	
0	
0	
0	
0	
0	
0	
0	
0	
0	
0	
0	
0	
0	
0	
0	
0	
0	
0	
0	
0	
0	
0	
0	
0	
0	
0	
0	
0	
0	
0	
0	
0	
0	
0	
0	
0	
0	
0	
0	
0	
0	
0	
0	
0	
0	
0	
0	
0	
0	
0	
0	
0	
0	
0	
0	
0	
0	
0	
0	
0	
0	
0	
0	
0	
0	
0	
0	
0	
0	
0	
-1.0105e-05	
-0.0115119	
-0.243775	
0.547889	
-0.243775	
-0.0115119	
-1.0105e-05	
-2.88813e-10	
-3.05695e-16	
-1.26309e-23	
-2.09322e-32	
-1.41353e-42	
-3.92905e-54	
-4.52616e-67	
-2.17138e-81	
-4.35369e-97	
-3.65818e-114	
-1.29082e-132	
-1.91595e-152	
-1.19783e-173	
-3.1577e-196	
-3.51324e-220	
-1.65093e-245	
-3.27881e-272	
-2.75361e-300	
0	
0	
0	
0	
0	
0	
0	
0	
0	
0	
0	
0	
0	
0	
0	
0	
0	
0	
0	
0	
0	
0	
0	
0	
0	
0	
0	
0	
0	
0	
0	
0	
0	
0	
0	
0	
0	
0	
0	
0	
0	
0	
0	
0	
0	
0	
0	
0	
0	
0	
0	
0	
0	
0	
0	
0	
0	
0	
0	
0	
0	
0	
0	
0	
0	
0	
0	
0	
0	
0	
0	
0	
0	
0	
0	
0	
0	
0	
0	
0	
0	
0	
0	
0	
0	
0	
0	
0	
0	
0	
0	
0	
0	
0	
0	
0	
0	
0	
0	
0	
0	
0	
0	
0	
0	
0	
0	
0	
0	
0	
0	
0	
0	
0	
0	
0	
0	
0	
0	
0	
0	
0	
0	
0	
0	
0	
0	
0	
0	
0	
0	
0	
0	
0	
0	
0	
0	
0	
0	
0	
0	
0	
0	
0	
0	
-1.0105e-05	
-0.0115119	
-0.243775	
0.547889	
-0.243775	
-0.0115119	
-1.0105e-05	
-2.88813e-10	
-3.05695e-16	
-1.26309e-23	
-2.09322e-32	
-1.41353e-42	
-3.92905e-54	
-4.52616e-67	
-2.17138e-81	
-4.35369e-97	
-3.65818e-114	
-1.29082e-132	
-1.91595e-152	
-1.19783e-173	
-3.1577e-196	
-3.51324e-220	
-1.65093e-245	
-3.27881e-272	
-2.75361e-300	
0	
0	
0	
0	
0	
0	
0	
0	
0	
0	
0	
0	
0	
0	
0	
0	
0	
0	
0	
0	
0	
0	
0	
0	
0	
0	
0	
0	
0	
0	
0	
0	
0	
0	
0	
0	
0	
0	
0	
0	
0	
0	
0	
0	
0	
0	
0	
0	
0	
0	
0	
0	
0	
0	
0	
0	
0	
0	
0	
0	
0	
0	
0	
0	
0	
0	
0	
0	
0	
0	
0	
0	
0	
0	
0	
0	
0	
0	
0	
0	
0	
0	
0	
0	
0	
0	
0	
0	
0	
0	
0	
0	
0	
0	
0	
0	
0	
0	
0	
0	
0	
0	
0	
0	
0	
0	
0	
0	
0	
0	
0	
0	
0	
0	
0	
0	
0	
0	
0	
0	
0	
0	
0	
0	
0	
0	
0	
0	
0	
0	
0	
0	
0	
0	
0	
0	
0	
0	
0	
0	
0	
0	
0	
0	
0	
-1.0105e-05	
-0.0115119	
-0.243775	
0.547889	
-0.243775	
-0.0115119	
-1.0105e-05	
-2.88813e-10	
-3.05695e-16	
-1.26309e-23	
-2.09322e-32	
-1.41353e-42	
-3.92905e-54	
-4.52616e-67	
-2.17138e-81	
-4.35369e-97	
-3.65818e-114	
-1.29082e-132	
-1.91595e-152	
-1.19783e-173	
-3.1577e-196	
-3.51324e-220	
-1.65093e-245	
-3.27881e-272	
-2.75361e-300	
0	
0	
0	
0	
0	
0	
0	
0	
0	
0	
0	
0	
0	
0	
0	
0	
0	
0	
0	
0	
0	
0	
0	
0	
0	
0	
0	
0	
0	
0	
0	
0	
0	
0	
0	
0	
0	
0	
0	
0	
0	
0	
0	
0	
0	
0	
0	
0	
0	
0	
0	
0	
0	
0	
0	
0	
0	
0	
0	
0	
0	
0	
0	
0	
0	
0	
0	
0	
0	
0	
0	
0	
0	
0	
0	
0	
0	
0	
0	
0	
0	
0	
0	
0	
0	
0	
0	
0	
0	
0	
0	
0	
0	
0	
0	
0	
0	
0	
0	
0	
0	
0	
0	
0	
0	
0	
0	
0	
0	
0	
0	
0	
0	
0	
0	
0	
0	
0	
0	
0	
0	
0	
0	
0	
0	
0	
0	
0	
0	
0	
0	
0	
0	
0	
0	
0	
0	
0	
0	
0	
0	
0	
0	
0	
0	
-1.0105e-05	
-0.0115119	
-0.243775	
0.547889	
-0.243775	
-0.0115119	
-1.0105e-05	
-2.88813e-10	
-3.05695e-16	
-1.26309e-23	
-2.09322e-32	
-1.41353e-42	
-3.92905e-54	
-4.52616e-67	
-2.17138e-81	
-4.35369e-97	
-3.65818e-114	
-1.29082e-132	
-1.91595e-152	
-1.19783e-173	
-3.1577e-196	
-3.51324e-220	
-1.65093e-245	
-3.27881e-272	
-2.75361e-300	
0	
0	
0	
0	
0	
0	
0	
0	
0	
0	
0	
0	
0	
0	
0	
0	
0	
0	
0	
0	
0	
0	
0	
0	
0	
0	
0	
0	
0	
0	
0	
0	
0	
0	
0	
0	
0	
0	
0	
0	
0	
0	
0	
0	
0	
0	
0	
0	
0	
0	
0	
0	
0	
0	
0	
0	
0	
0	
0	
0	
0	
0	
0	
0	
0	
0	
0	
0	
0	
0	
0	
0	
0	
0	
0	
0	
0	
0	
0	
0	
0	
0	
0	
0	
0	
0	
0	
0	
0	
0	
0	
0	
0	
0	
0	
0	
0	
0	
0	
0	
0	
0	
0	
0	
0	
0	
0	
0	
0	
0	
0	
0	
0	
0	
0	
0	
0	
0	
0	
0	
0	
0	
0	
0	
0	
0	
0	
0	
0	
0	
0	
0	
0	
0	
0	
0	
0	
0	
0	
0	
0	
0	
0	
0	
0	
-7.57877e-06	
-0.00847671	
-0.176117	
0.388099	
-0.169191	
-0.00782289	
-6.71859e-06	
-1.8774e-10	
-1.94135e-16	
-7.83055e-24	
-1.26581e-32	
-8.33119e-43	
-2.25515e-54	
-2.52776e-67	
-1.17891e-81	
-2.29587e-97	
-1.87197e-114	
-6.40367e-133	
-9.2055e-153	
-5.56824e-174	
-1.41873e-196	
-1.52393e-220	
-6.90605e-246	
-1.32114e-272	
-1.06744e-300	
0	
0	
0	
0	
0	
0	
0	
0	
0	
0	
0	
0	
0	
0	
0	
0	
0	
0	
0	
0	
0	
0	
0	
0	
0	
0	
0	
0	
0	
0	
0	
0	
0	
0	
0	
0	
0	
0	
0	
0	
0	
0	
