-2.70926e-17	
-6.17021e-14	
-3.64075e-11	
-1.45008e-09	
-1.09831e-08	
8.02429e-08	
-1.91293e-07	
2.61375e-07	
-2.7572e-07	
2.76517e-07	
-2.78849e-07	
2.81172e-07	
-2.83545e-07	
2.85947e-07	
-2.884e-07	
2.90883e-07	
-2.93421e-07	
2.9599e-07	
-2.98616e-07	
3.01276e-07	
-3.03995e-07	
3.0675e-07	
-3.09565e-07	
3.1242e-07	
-3.15337e-07	
3.18297e-07	
-3.21321e-07	
3.2439e-07	
-3.27527e-07	
3.3071e-07	
-3.33965e-07	
3.37269e-07	
-3.40647e-07	
3.44077e-07	
-3.47583e-07	
3.51145e-07	
-3.54786e-07	
3.58485e-07	
-3.62265e-07	
3.66107e-07	
-3.70032e-07	
3.74021e-07	
-3.78096e-07	
3.82236e-07	
-3.86464e-07	
3.90757e-07	
-3.9514e-07	
3.99588e-07	
-4.04124e-07	
4.08724e-07	
-4.1341e-07	
4.18155e-07	
-4.2298e-07	
4.27857e-07	
-4.32803e-07	
4.37788e-07	
-4.42825e-07	
4.47879e-07	
-4.52958e-07	
4.58021e-07	
-4.63066e-07	
4.68042e-07	
-4.72935e-07	
4.77676e-07	
-4.82232e-07	
4.86506e-07	
-4.90432e-07	
4.93872e-07	
-4.96701e-07	
4.9871e-07	
-4.99676e-07	
4.99261e-07	
-4.97067e-07	
4.92514e-07	
-4.84871e-07	
4.73085e-07	
-4.55741e-07	
4.30781e-07	
-3.95274e-07	
3.44815e-07	
-2.72719e-07	
1.68358e-07	
-1.42608e-08	
-2.19913e-07	
5.90115e-07	
-1.20842e-06	
2.33301e-06	
-4.2007e-06	
1.67949e-05	
-1.34582e-05	
-0.00016158	
0.000474828	
-0.000481974	
0.000137952	
8.72289e-05	
-1.85341e-05	
0.000160648	
-0.000966647	
0.00101797	
0.000264625	
-0.00105411	
0.000854396	
-0.000230106	
-0.000115592	
6.49124e-05	
-2.19015e-06	
-4.62355e-05	
3.68454e-05	
-3.45671e-06	
2.80985e-05	
2.45482e-05	
-6.16284e-05	
-4.89102e-05	
0.000114682	
-5.01246e-05	
1.39793e-06	
9.40493e-06	
-1.14349e-05	
1.36761e-05	
-3.49028e-05	
5.51144e-05	
-6.72222e-05	
-3.15715e-05	
0.000430517	
-0.000627221	
0.000214955	
8.99866e-05	
-0.000101358	
0.000149949	
-0.000130718	
2.13262e-05	
1.55389e-05	
-2.0461e-06	
8.5188e-06	
-1.19394e-05	
2.87366e-06	
3.98612e-06	
-1.69604e-05	
6.47361e-06	
2.47878e-05	
-2.31743e-05	
1.96322e-05	
-2.54312e-06	
-2.04161e-05	
-3.56574e-05	
7.18899e-05	
-1.58344e-05	
-1.49249e-05	
-1.30551e-05	
3.78876e-05	
-2.07754e-05	
-9.99031e-07	
-3.08394e-06	
-3.42229e-05	
5.8384e-05	
2.05946e-05	
-3.78815e-05	
1.82543e-05	
-0.000157728	
0.000199205	
-2.19493e-05	
-4.39604e-05	
-1.79453e-06	
4.11277e-06	
2.87394e-05	
-1.19017e-05	
-3.33343e-05	
1.52555e-05	
1.25298e-05	
-3.54591e-05	
4.55575e-05	
-4.47197e-06	
-4.92187e-05	
5.65233e-05	
-1.09145e-05	
-1.606e-05	
1.04334e-05	
-7.04794e-06	
1.8092e-05	
-8.56324e-06	
7.68339e-06	
1.79978e-06	
-0.000155153	
0.000198738	
-1.37196e-05	
-5.47021e-05	
6.4662e-05	
-8.03358e-05	
5.35264e-05	
-4.68884e-05	
1.18445e-05	
9.54315e-06	
-1.70537e-06	
6.78671e-07	
1.45305e-06	
2.80171e-06	
-1.26502e-06	
-4.86846e-05	
4.63026e-05	
8.51631e-05	
-0.000101533	
-3.01063e-05	
5.60058e-05	
-8.3848e-06	
-9.59891e-06	
-1.65762e-05	
7.44387e-05	
-3.15213e-05	
-4.33837e-06	
-0.000173947	
0.000192197	
1.84316e-05	
-3.3675e-05	
-4.41547e-06	
-1.44332e-05	
-4.40067e-07	
-1.89739e-06	
3.00891e-06	
5.62946e-05	
-6.47779e-05	
-9.53193e-06	
4.3105e-05	
-2.90761e-05	
-3.67627e-06	
8.87468e-06	
1.65819e-05	
-2.56502e-05	
5.75439e-06	
7.63426e-06	
-7.93001e-06	
6.31261e-07	
3.16369e-05	
-3.35812e-05	
-6.96625e-06	
1.37323e-05	
-4.35769e-06	
-5.70699e-06	
4.43128e-05	
-4.83108e-05	
-8.45158e-06	
1.714e-05	
8.31802e-07	
3.8299e-06	
-1.05431e-05	
7.94379e-06	
3.28772e-06	
-1.61537e-05	
1.0914e-05	
6.65257e-06	
-7.60088e-06	
1.67993e-05	
4.65879e-06	
-8.95318e-05	
5.04683e-05	
5.28333e-05	
-6.97722e-06	
-1.60446e-05	
-1.29821e-05	
-3.57713e-06	
2.7088e-06	
2.6384e-05	
3.54762e-05	
-7.59113e-05	
-1.35262e-05	
3.31359e-05	
2.99072e-05	
8.09238e-06	
-0.000212448	
0.000108533	
0.000185596	
-0.000157281	
5.59385e-05	
4.57711e-05	
-3.78424e-05	
-5.73083e-06	
8.13754e-06	
-2.14934e-05	
6.80522e-07	
1.0653e-05	
8.36581e-06	
1.27891e-05	
-1.30011e-05	
-1.86732e-05	
1.73847e-05	
2.61103e-06	
-1.44566e-05	
1.42208e-05	
5.01843e-06	
-3.75098e-06	
-6.3963e-06	
1.22568e-05	
-2.25278e-05	
2.93301e-06	
9.04238e-05	
-8.27464e-05	
-3.66558e-05	
2.88609e-05	
-5.90494e-06	
2.81625e-05	
-9.91016e-06	
-2.61114e-05	
1.53049e-05	
8.78796e-06	
-1.16415e-06	
2.23459e-06	
-3.94477e-06	
-2.17364e-06	
-1.5785e-05	
1.16778e-05	
1.64067e-05	
-1.78156e-05	
5.89007e-07	
1.5069e-05	
4.05724e-06	
-2.08544e-05	
2.2686e-06	
8.83509e-06	
-2.61421e-06	
-5.03512e-06	
5.68139e-06	
6.84264e-06	
-3.23526e-06	
-7.94022e-06	
-1.03336e-05	
-4.50463e-06	
1.88822e-05	
7.77798e-05	
-5.70767e-05	
-8.87144e-05	
3.93863e-05	
3.01421e-05	
-2.25111e-06	
-6.34186e-06	
-2.52929e-07	
1.9559e-05	
-5.32699e-06	
-2.60102e-05	
4.78354e-06	
9.89831e-06	
-5.69268e-06	
4.77139e-06	
2.74047e-06	
-1.04786e-05	
1.06113e-05	
-2.1409e-06	
-1.53816e-05	
3.56617e-05	
-2.71834e-05	
-4.25333e-06	
1.74997e-05	
1.46682e-05	
-1.07586e-05	
-4.84521e-05	
2.34627e-05	
3.36811e-05	
-6.60597e-06	
5.26621e-06	
-1.03219e-05	
-1.2798e-06	
-5.42892e-06	
-6.61806e-06	
1.51529e-06	
3.94675e-06	
9.83171e-07	
2.18007e-06	
4.91603e-06	
-6.97007e-06	
-1.54443e-05	
7.9139e-06	
2.64568e-05	
-7.83321e-06	
-1.86427e-05	
-5.46893e-07	
4.15404e-06	
-6.09457e-08	
-5.95363e-07	
1.35765e-05	
3.92635e-06	
-4.92213e-06	
-4.46509e-05	
2.33923e-05	
2.23853e-05	
-3.97398e-06	
-4.65805e-06	
-1.14812e-06	
1.95107e-05	
-1.6986e-05	
1.54427e-06	
2.70398e-05	
-2.51969e-05	
-2.34904e-05	
6.30528e-06	
3.02755e-07	
-3.41667e-06	
2.98023e-06	
5.37221e-06	
-3.5073e-06	
-3.05217e-06	
1.46613e-06	
-1.77153e-06	
1.46051e-06	
5.11211e-06	
-3.47449e-06	
7.59052e-06	
-2.73373e-06	
-8.99936e-06	
-2.28367e-06	
7.62965e-06	
-4.7422e-06	
-6.33366e-06	
8.3188e-07	
5.01304e-07	
1.33724e-06	
-2.18202e-06	
7.51418e-07	
-6.50413e-07	
-1.91227e-06	
1.18685e-05	
-3.27993e-06	
-9.38499e-06	
6.33989e-06	
1.70301e-06	
-1.92118e-05	
-1.41304e-06	
1.50135e-05	
-7.12208e-06	
2.81186e-06	
2.43404e-05	
-4.71137e-06	
-1.43605e-05	
4.20811e-06	
1.17365e-05	
-1.06615e-05	
-1.50494e-05	
-1.84984e-06	
1.50736e-05	
5.34944e-06	
-5.44447e-05	
-7.51077e-06	
5.04138e-05	
-7.98888e-07	
6.31953e-06	
2.52873e-05	
-6.1529e-06	
-6.93506e-06	
3.73845e-06	
-3.60269e-06	
-3.87509e-06	
2.34726e-06	
5.2988e-06	
5.29912e-06	
-3.821e-06	
-4.6284e-06	
2.81873e-06	
2.28111e-06	
-2.15664e-06	
2.95529e-06	
2.62386e-06	
7.45119e-08	
1.44453e-06	
1.41403e-06	
-7.00575e-06	
5.20998e-08	
2.23284e-05	
-4.55039e-06	
-2.07641e-05	
-4.51327e-06	
7.89201e-06	
4.84833e-06	
-1.5867e-05	
-7.92548e-06	
1.00882e-05	
1.03066e-05	
3.07405e-06	
-5.1636e-06	
-2.42279e-06	
2.11802e-06	
-2.08493e-06	
8.31675e-07	
4.22211e-06	
-1.65535e-06	
-1.77007e-06	
4.88658e-06	
3.03681e-06	
-3.95646e-06	
2.86641e-07	
1.21815e-06	
-2.90366e-06	
-2.75731e-06	
1.84292e-07	
3.33443e-06	
3.56579e-06	
-1.42181e-06	
-6.93101e-06	
-6.14017e-06	
5.29691e-06	
2.50199e-05	
-9.23339e-07	
-2.88627e-05	
-1.01507e-05	
7.22871e-06	
6.39935e-06	
3.19437e-06	
2.44843e-07	
3.15333e-06	
6.50097e-07	
-6.61553e-06	
-3.59812e-06	
2.0508e-06	
8.59294e-09	
2.46437e-07	
6.249e-07	
-1.65481e-06	
1.99963e-06	
-7.06071e-09	
-5.58404e-06	
5.31088e-06	
-2.10639e-06	
-2.20104e-06	
6.77546e-06	
8.64016e-06	
-2.06246e-06	
-1.43926e-05	
2.59903e-06	
1.26769e-05	
3.69779e-06	
-7.36402e-07	
-5.32729e-06	
-2.85662e-06	
-1.56064e-06	
-2.39218e-06	
-6.18197e-07	
1.23455e-06	
4.27858e-07	
-3.37444e-07	
1.02827e-06	
-2.17877e-06	
-5.11575e-06	
4.41039e-07	
8.99781e-06	
8.08396e-06	
-3.10105e-06	
-7.63817e-06	
-3.99172e-06	
-3.51445e-07	
5.98651e-07	
3.95911e-06	
4.61081e-06	
-7.4791e-07	
-1.33334e-05	
-5.66365e-06	
6.41578e-06	
6.6771e-06	
3.16342e-06	
1.33603e-06	
3.58208e-06	
-1.86369e-06	
-1.10985e-06	
6.81581e-06	
-1.90269e-06	
-9.72985e-06	
-5.51453e-06	
-2.0379e-06	
-2.04763e-06	
-1.22374e-07	
1.74032e-06	
-4.56651e-09	
-1.55347e-06	
-5.45098e-07	
-8.02273e-07	
1.43906e-07	
1.36964e-06	
4.81819e-07	
1.38148e-06	
5.30534e-07	
-2.37571e-06	
-1.99625e-06	
5.52106e-07	
-6.55486e-07	
-2.6132e-06	
-1.49117e-06	
-3.1479e-07	
-2.15397e-07	
-2.77005e-06	
-1.47305e-06	
1.30514e-06	
3.38728e-06	
3.87791e-06	
-5.84987e-07	
-3.78079e-06	
-4.56802e-07	
1.81641e-07	
-4.93221e-06	
-3.61792e-06	
3.79053e-06	
-5.18396e-07	
-7.04268e-06	
4.41873e-06	
1.19788e-05	
4.83718e-06	
9.86082e-07	
1.52259e-06	
-2.60556e-06	
-6.84649e-06	
-4.34617e-06	
2.88599e-06	
1.65847e-06	
-1.72091e-05	
-1.483e-05	
9.05473e-06	
1.40508e-05	
9.52861e-06	
1.03594e-05	
4.47556e-06	
-2.07736e-06	
-4.53362e-06	
-2.78666e-06	
7.83499e-07	
2.95361e-06	
3.44239e-06	
3.22234e-06	
6.8663e-07	
-7.64952e-07	
1.42989e-07	
1.40826e-06	
3.8044e-07	
-1.96201e-07	
2.92823e-07	
1.04402e-06	
1.29254e-06	
1.08588e-06	
-1.54277e-06	
-1.78882e-07	
6.06331e-06	
3.01752e-06	
-4.92596e-06	
-4.7644e-06	
4.2334e-08	
1.35238e-06	
-4.25778e-06	
-5.62756e-06	
-5.42624e-07	
3.69355e-06	
3.20136e-06	
4.53919e-07	
-7.39237e-07	
2.69049e-07	
-1.28647e-07	
2.37459e-07	
1.70358e-06	
7.21729e-07	
-2.02756e-06	
-7.77346e-08	
2.69637e-06	
2.03995e-06	
1.18958e-06	
5.38442e-07	
-1.15783e-06	
-5.51997e-07	
1.37094e-07	
4.46192e-07	
7.35307e-07	
-7.49167e-07	
-3.08258e-06	
-1.77581e-06	
4.37052e-06	
1.03456e-05	
3.47127e-06	
-8.72774e-06	
-1.00382e-05	
-3.49923e-06	
1.02702e-06	
2.95653e-06	
2.19477e-06	
1.46236e-06	
3.69499e-08	
-2.19503e-06	
-2.46284e-06	
-7.57206e-07	
-4.15928e-07	
-2.19493e-07	
-3.36491e-07	
-5.55082e-07	
9.23127e-08	
-5.0226e-08	
-1.43136e-06	
3.84188e-07	
-1.03425e-07	
-7.17161e-07	
1.55534e-06	
3.74001e-06	
1.63075e-06	
-2.90937e-06	
-2.01959e-06	
2.98712e-06	
4.36801e-06	
2.82933e-06	
-1.64716e-07	
-1.73222e-06	
-2.04047e-06	
-1.47471e-06	
-6.70069e-07	
4.04398e-07	
7.74821e-07	
5.8094e-07	
6.14052e-08	
-6.92681e-07	
-2.423e-06	
-2.49595e-06	
1.08666e-06	
4.73508e-06	
2.98106e-06	
-4.41506e-07	
-1.56329e-06	
-1.00657e-06	
-8.52459e-07	
5.34554e-07	
1.97262e-06	
1.04756e-06	
-3.56344e-06	
-4.33261e-06	
-4.15446e-07	
2.56868e-06	
2.39619e-06	
1.59422e-06	
1.50821e-06	
1.61686e-06	
2.40877e-06	
3.23622e-06	
-4.82026e-07	
-4.73421e-06	
-5.18341e-06	
-3.71699e-06	
-2.93575e-06	
-2.055e-06	
-1.50116e-06	
-1.33159e-06	
-1.61878e-06	
-1.08861e-06	
-4.43811e-07	
1.74518e-07	
-2.22736e-07	
-1.10559e-06	
-6.7218e-07	
9.3816e-07	
5.82126e-07	
-4.85221e-07	
-7.07605e-07	
-1.20385e-06	
-2.4789e-06	
-1.07529e-06	
5.91335e-07	
1.86488e-07	
-1.77304e-06	
-2.38172e-06	
-1.44105e-06	
4.08044e-07	
1.42428e-06	
6.83811e-07	
-9.1614e-07	
-6.84057e-07	
-2.37671e-07	
-1.88669e-06	
-4.12579e-06	
-2.49467e-06	
-6.98416e-07	
-5.60121e-07	
2.1384e-06	
5.82608e-06	
5.39986e-06	
3.43212e-06	
1.98083e-06	
2.03744e-07	
-2.19713e-06	
-2.64949e-06	
-8.47097e-07	
-4.13738e-07	
-5.72878e-06	
-8.22576e-06	
-2.53169e-06	
3.58259e-06	
5.79981e-06	
7.0505e-06	
6.11055e-06	
3.41817e-06	
3.60939e-07	
-1.02032e-06	
-5.45142e-07	
7.57983e-07	
1.12695e-06	
1.44055e-06	
1.36443e-06	
1.22621e-06	
1.12468e-06	
1.31291e-06	
8.65182e-07	
6.88729e-07	
8.66585e-07	
1.31525e-06	
1.26092e-06	
8.46702e-07	
-4.90822e-07	
-4.32428e-07	
1.64245e-06	
2.21826e-06	
-3.96212e-07	
-2.1383e-06	
-1.65059e-06	
-5.87313e-07	
-1.6574e-06	
-2.79915e-06	
-2.03817e-06	
1.35722e-07	
1.20004e-06	
9.71192e-07	
3.02743e-07	
3.53409e-07	
7.56221e-08	
1.09157e-08	
1.33718e-07	
-2.37635e-07	
-4.94162e-07	
2.22262e-06	
4.08633e-06	
2.22725e-06	
-7.93618e-07	
-2.12745e-06	
-2.7475e-06	
-2.75235e-06	
-2.25369e-06	
-8.39467e-07	
4.03337e-07	
5.60891e-07	
-6.56607e-07	
-1.09768e-06	
4.57185e-07	
3.35785e-06	
3.1277e-06	
-5.77107e-07	
-4.17609e-06	
-4.85743e-06	
-3.25669e-06	
-4.7664e-07	
1.13382e-06	
1.5786e-06	
8.66076e-07	
-2.99588e-07	
-9.48435e-07	
-2.09086e-07	
6.67512e-08	
-3.2372e-07	
-1.01838e-06	
-1.17488e-06	
-1.05405e-06	
-8.02544e-07	
-9.58607e-07	
-4.41659e-07	
-3.02843e-07	
-2.05873e-07	
4.9731e-07	
1.68576e-06	
1.38471e-06	
-2.00612e-07	
-9.28328e-07	
6.75562e-07	
2.16552e-06	
2.29586e-06	
9.152e-07	
-4.16278e-07	
-1.27156e-06	
-1.20341e-06	
-6.55502e-07	
4.48419e-07	
5.63669e-07	
-6.90796e-07	
-1.81231e-06	
-1.16151e-06	
-4.27326e-07	
1.51378e-07	
1.20432e-06	
2.72582e-06	
2.68224e-06	
1.3771e-06	
-1.41618e-07	
-7.17616e-07	
-6.80987e-07	
3.70517e-07	
1.18394e-06	
5.84901e-07	
-1.51542e-06	
-2.21851e-06	
-9.59177e-07	
8.59191e-07	
1.49188e-06	
1.50673e-06	
1.2966e-06	
1.4201e-06	
1.68854e-06	
2.06551e-06	
1.01834e-06	
-7.14985e-07	
-2.10845e-06	
-2.61595e-06	
-2.91029e-06	
-2.67369e-06	
-2.34752e-06	
-1.87038e-06	
-1.73244e-06	
-1.4168e-06	
-1.15516e-06	
-7.23327e-07	
-6.14787e-07	
-4.55999e-07	
-3.23763e-07	
5.49091e-08	
-9.95526e-08	
-4.26448e-07	
-7.81854e-07	
-9.95017e-07	
-1.51606e-06	
-1.31823e-06	
-7.30732e-07	
-3.52584e-07	
-8.18172e-07	
-1.19759e-06	
-1.19351e-06	
-5.7314e-07	
2.57676e-08	
4.09742e-07	
5.06755e-08	
-3.23395e-07	
-7.34407e-07	
-1.35736e-06	
-1.92354e-06	
-9.79423e-07	
7.31823e-08	
-9.4438e-09	
-3.3566e-07	
3.3118e-07	
1.00163e-06	
1.25851e-06	
9.1721e-07	
3.0156e-07	
-4.53214e-07	
-5.95835e-07	
-3.53496e-07	
-4.21697e-07	
-1.70799e-06	
-2.83195e-06	
-2.40669e-06	
-7.97809e-07	
6.00793e-07	
1.58274e-06	
1.85889e-06	
1.57966e-06	
8.75109e-07	
2.98708e-07	
-1.01706e-09	
6.35213e-08	
1.45686e-07	
2.62569e-07	
2.56669e-07	
2.50325e-07	
2.16435e-07	
3.07716e-07	
3.87726e-07	
4.29858e-07	
2.34842e-07	
2.99322e-08	
-3.90645e-08	
6.82989e-08	
1.00361e-07	
1.21061e-07	
1.69907e-07	
2.25476e-07	
1.11705e-07	
-2.19596e-08	
-7.14357e-08	
-3.60398e-08	
-9.61823e-08	
-1.95726e-07	
-2.34447e-07	
-1.44455e-07	
-4.10321e-08	
2.49675e-08	
3.22117e-08	
2.97313e-08	
9.92134e-09	
4.63154e-10	
-4.48477e-09	
-3.23503e-09	
-3.81808e-09	
1.4154e-08	
2.70635e-08	
2.30473e-08	
8.1363e-09	
-8.9049e-10	
-4.45799e-09	
-3.5749e-09	
-1.7853e-09	
-3.50439e-10	
